50
1513156 1545263
1184053 1413082
1091535 1970922
556 565
1021025 1949810
1545506 1743573
523 791
57209 89158
1892392 1976172
10 10
32 50
556737 668678
3625 8008
1070426 1975571
102122 242057
526201 526201
1033368 1951459
1064867 1964232
15172 46252
331067 816933
50485 81888
48298 76402
1010320 1951440
100000 999999
1896415 1921093
31905 79248
1057952 1964143
251959 931335
1033418 1922076
1912560 1912560
1000000 1000001
2360 2879
202 296
1055341 1957457
580181 866959
1099546 1984339
1308719 1422245
1049352 1952486
2292 8273
10000 99999
73 93
2 4
1089447 1925915
1070330 1984401
1059785 1949486
132651 939715
1056187 1959822
1019841 1916542
1057085 1966107
2100 4973
