100
3 1 5 15 13 11
3 0 8 23 22 21
2 0 2 20 20
1 1 4 3
1 1 1 3
2 0 9 2 16
2 1 10 26 27
1 0 2 15
1 1 10 19
3 1 8 21 20 6
1 1 3 20
2 1 5 7 26
3 3 5 16 17 27
3 0 9 15 23 12
1 0 9 23
3 0 6 30 11 10
3 0 8 4 17 20
2 2 7 16 15
2 2 7 22 11
2 2 6 18 27
3 1 7 18 26 17
2 0 0 9 7
1 0 1 0
2 0 5 21 12
1 0 9 30
1 1 1 7
3 1 4 23 2 16
2 1 10 0 2
1 0 1 5
2 0 3 4 13
2 0 10 26 26
1 0 0 30
2 0 10 27 0
1 0 7 22
1 0 8 20
1 0 7 23
1 0 0 3
2 0 8 21 20
3 0 3 6 17 7
2 0 2 24 11
3 0 1 17 23 3
3 0 10 29 19 11
3 1 1 13 29 27
3 3 7 7 18 16
1 1 7 12
3 0 1 25 24 2
1 1 10 28
1 0 5 12
1 0 3 5
3 1 8 21 21 25
3 0 8 20 20 20
3 0 3 19 0 19
2 2 7 4 13
2 0 5 12 12
2 0 1 1 9
1 0 1 25
3 3 2 6 27 18
1 0 5 1
2 2 6 26 20
3 1 8 17 2 29
3 0 5 5 17 6
3 0 10 30 30 30
2 2 1 28 15
2 0 9 22 22
3 2 1 24 10 5
2 0 6 14 25
3 0 6 25 14 18
2 1 0 28 7
1 1 0 5
2 1 9 14 21
3 3 5 27 5 25
3 0 8 20 21 21
1 1 8 24
3 1 7 17 17 17
2 0 3 6 11
1 0 5 12
2 2 5 23 26
2 0 5 12 22
2 2 5 18 15
1 1 9 22
2 0 9 27 23
2 0 7 25 17
2 0 3 9 8
3 3 6 2 27 7
2 0 8 20 5
1 1 7 21
2 0 9 8 24
3 3 4 13 25 14
1 1 1 6
3 1 8 12 12 22
3 2 3 23 15 1
2 1 1 27 0
1 1 6 25
3 1 4 9 10 9
1 0 0 0
2 1 7 0 8
1 0 7 17
2 1 2 16 29
2 1 3 17 4
2 0 4 8 8
