50
24
0
2 15 12
0
2 14 21
0
0
1 1
2 19 2
0
0
2 10 16
2 20 17
0
0
0
2 23 18
2 5 7
2 13 24
0
0
2 9 22
2 3 11
0
2 6 8
24
2 23 13
0
2 2 4
2 11 10
2 22 8
2 7 3
0
2 14 18
0
2 21 12
0
2 19 17
2 16 6
0
1 20
0
2 15 20
2 9 1
0
1 24
0
0
0
0
24
0
2 8 24
0
1 16
1 3
1 3
2 6 5
1 9
0
2 11 23
1 1
2 4 14
2 17 22
1 16
1 20
0
1 21
1 20
2 18 15
0
0
1 21
1 1
1 9
25
1 19
1 19
1 19
1 19
1 19
1 19
1 19
1 19
1 19
1 19
1 19
1 19
1 19
1 19
1 19
1 19
1 19
1 19
0
1 19
1 19
1 19
1 19
1 19
1 19
25
1 7
1 17
1 12
1 21
1 19
1 3
1 5
1 16
1 20
1 13
1 24
1 15
1 11
1 1
0
1 22
1 8
1 9
1 10
1 4
1 14
1 18
1 25
1 6
1 2
25
1 11
1 21
1 18
1 16
0
1 1
1 20
1 17
1 12
1 8
1 2
1 22
1 10
1 9
1 7
1 3
1 23
1 14
1 25
1 19
1 5
1 13
1 6
2 15 5
1 4
25
0
0
0
0
2 4 1
1 15
0
0
2 19 21
2 20 23
2 10 9
1 3
0
1 18
0
2 22 13
1 2
0
2 14 6
2 24 25
2 17 16
0
2 12 5
1 7
1 8
25
2 19 11
1 12
2 20 13
1 17
2 7 23
1 12
2 24 10
1 15
2 22 3
1 2
1 21
0
1 12
2 5 25
1 12
1 12
1 12
1 12
1 18
1 12
1 12
1 16
2 8 4
1 6
2 1 9
24
1 21
1 4
1 24
1 13
1 3
1 22
1 8
1 9
1 16
1 2
1 18
1 17
1 1
2 10 23
0
1 15
1 6
1 15
1 5
1 7
1 20
1 11
1 19
1 12
20
10 19 13 7 12 14 17 6 3 18 11
10 19 13 7 12 14 17 6 3 18 11
0
10 19 13 7 12 14 17 6 3 18 11
10 19 13 7 12 14 17 6 3 18 11
0
0
10 19 13 7 12 14 17 6 3 18 11
10 19 13 7 12 14 17 6 3 18 11
10 19 13 7 12 14 17 6 3 18 11
0
0
0
0
10 19 13 7 12 14 17 6 3 18 11
10 19 13 7 12 14 17 6 3 18 11
0
0
0
10 19 13 7 12 14 17 6 3 18 11
50
2 32 26
2 23 34
0
0
2 24 38
0
0
2 16 30
0
2 19 8
0
2 39 47
2 3 5
2 40 20
0
0
0
0
0
2 18 2
0
0
0
0
0
2 17 46
2 4 33
2 25 27
0
1 22
2 50 44
0
2 35 13
2 29 36
0
2 45 10
0
2 15 1
0
0
2 9 42
2 7 14
2 6 12
2 37 28
0
2 11 49
2 21 41
0
2 48 43
0
50
0
2 23 37
0
0
2 19 21
2 17 20
0
2 25 40
2 10 44
0
2 14 2
0
2 50 22
0
0
2 28 6
0
2 7 38
0
2 31 43
2 35 13
2 24 16
1 37
0
0
2 3 34
2 49 39
0
0
2 4 41
0
0
0
2 29 30
0
0
1 12
2 46 11
2 36 26
2 15 47
2 1 48
0
2 42 8
2 32 27
0
0
2 45 18
2 33 5
0
0
48
0
1 15
1 7
1 30
1 8
2 19 5
0
0
2 17 3
2 12 16
1 23
1 1
1 43
1 32
0
1 1
1 7
2 22 27
1 8
1 45
1 15
1 47
0
1 23
0
0
1 47
2 14 44
1 30
0
2 34 42
0
1 45
1 25
2 29 4
2 38 41
2 33 20
1 26
1 43
2 24 11
1 26
1 25
0
1 32
0
2 2 21
0
2 39 13
50
1 21
1 21
1 21
1 21
1 21
1 21
1 21
1 21
1 21
1 21
1 21
1 21
1 21
1 21
1 21
1 21
1 21
1 21
1 21
1 21
0
1 21
1 21
1 21
1 21
1 21
1 21
1 21
1 21
1 21
1 21
1 21
1 21
1 21
1 21
1 21
1 21
1 21
1 21
1 21
1 21
1 21
1 21
1 21
1 21
1 21
1 21
1 21
1 21
1 21
50
1 24
1 6
1 9
1 33
1 1
1 25
1 47
1 7
1 13
1 31
1 19
1 18
1 39
1 11
1 41
1 37
1 26
1 20
1 27
1 44
1 14
1 38
1 45
1 3
1 29
1 5
1 49
1 4
1 23
1 22
1 28
1 43
1 2
1 10
1 42
1 21
1 12
1 50
1 30
1 34
1 16
1 40
1 48
1 8
1 36
1 32
1 46
1 35
1 17
0
50
1 46
1 33
1 8
1 15
1 31
1 13
1 5
1 21
1 6
1 25
1 17
2 38 20
1 30
1 34
1 11
1 40
1 50
1 32
1 48
0
1 18
1 42
1 41
1 20
1 39
1 1
1 35
1 9
1 37
1 14
1 47
1 24
1 16
1 44
1 4
1 23
1 3
1 36
1 22
1 45
1 27
1 29
1 26
1 10
1 49
1 2
1 19
1 28
1 7
1 43
50
0
0
2 41 38
1 36
0
0
0
1 6
1 5
2 8 30
1 35
0
0
0
0
1 18
2 46 42
0
1 33
0
2 24 19
1 7
2 16 11
1 13
0
0
2 32 2
2 23 10
2 9 44
1 14
1 20
0
0
2 22 27
0
0
0
1 1
2 3 34
2 31 4
1 49
2 21 47
2 45 17
2 15 37
2 28 39
2 40 29
2 48 50
1 25
0
2 26 12
50
0
1 14
2 49 26
1 1
2 6 44
1 1
1 1
1 1
1 40
1 1
1 7
1 1
1 1
1 1
2 35 48
1 8
2 34 3
2 23 27
2 15 28
1 1
1 10
1 1
2 9 29
1 1
1 1
2 22 24
2 47 30
2 18 17
1 20
1 31
1 1
1 1
1 50
2 39 45
2 46 38
1 1
1 36
2 21 16
1 25
1 1
2 11 5
2 37 33
1 12
1 1
1 13
2 2 43
1 32
2 42 41
1 4
1 1
50
1 15
1 19
1 13
1 26
1 25
1 37
1 14
1 18
1 21
1 17
1 44
1 36
1 30
1 44
1 22
1 2
1 38
1 47
1 5
1 35
1 1
1 31
1 11
1 7
1 20
1 3
1 41
1 39
1 28
1 49
1 33
1 24
1 8
1 4
1 23
1 34
1 16
1 48
1 50
1 27
1 29
1 10
2 9 45
0
1 40
1 32
1 12
1 6
1 46
1 42
50
10 4 44 26 7 13 35 39 27 33 50
0
10 1 8 22 10 37 42 23 41 11 46
10 40 36 9 14 2 30 18 29 25 12
10 20 32 6 15 31 28 24 19 3 38
10 1 8 22 10 37 42 23 41 11 46
10 40 36 9 14 2 30 18 29 25 12
10 4 44 26 7 13 35 39 27 33 50
0
10 4 44 26 7 13 35 39 27 33 50
10 4 44 26 7 13 35 39 27 33 50
0
10 40 36 9 14 2 30 18 29 25 12
0
10 1 8 22 10 37 42 23 41 11 46
10 20 32 6 15 31 28 24 19 3 38
10 20 32 6 15 31 28 24 19 3 38
0
10 1 8 22 10 37 42 23 41 11 46
10 1 8 22 10 37 42 23 41 11 46
10 20 32 6 15 31 28 24 19 3 38
10 4 44 26 7 13 35 39 27 33 50
10 4 44 26 7 13 35 39 27 33 50
10 1 8 22 10 37 42 23 41 11 46
0
10 40 36 9 14 2 30 18 29 25 12
10 40 36 9 14 2 30 18 29 25 12
10 1 8 22 10 37 42 23 41 11 46
0
0
10 1 8 22 10 37 42 23 41 11 46
10 1 8 22 10 37 42 23 41 11 46
10 40 36 9 14 2 30 18 29 25 12
10 20 32 6 15 31 28 24 19 3 38
10 40 36 9 14 2 30 18 29 25 12
0
10 4 44 26 7 13 35 39 27 33 50
10 1 8 22 10 37 42 23 41 11 46
10 40 36 9 14 2 30 18 29 25 12
0
10 4 44 26 7 13 35 39 27 33 50
10 4 44 26 7 13 35 39 27 33 50
10 20 32 6 15 31 28 24 19 3 38
10 40 36 9 14 2 30 18 29 25 12
10 20 32 6 15 31 28 24 19 3 38
10 4 44 26 7 13 35 39 27 33 50
10 20 32 6 15 31 28 24 19 3 38
10 20 32 6 15 31 28 24 19 3 38
10 20 32 6 15 31 28 24 19 3 38
10 40 36 9 14 2 30 18 29 25 12
5
0
0
2 5 2
1 5
1 2
5
2 5 4
0
2 4 1
0
0
5
1 2
0
1 2
2 5 1
0
5
3 3 4 5
0
0
0
1 4
5
2 5 3
2 3 4
0
0
0
47
1 40
0
1 8
1 44
2 31 32
0
4 28 30 25 8
0
3 41 10 34
2 3 17
1 1
0
0
0
1 38
0
0
0
0
0
3 38 2 11
0
0
0
2 37 29
2 38 6
4 28 44 1 33
2 43 3
0
1 34
0
1 16
2 15 40
0
0
2 23 47
0
2 8 35
3 17 34 8
1 8
2 27 6
1 8
1 8
0
0
2 38 34
0
45
0
2 38 45
2 33 17
1 34
1 35
0
0
0
0
1 11
0
2 28 8
2 11 6
0
3 16 4 6
1 36
1 16
4 41 5 30 28
0
1 8
0
0
2 30 16
0
2 28 30
1 33
1 36
1 17
2 42 8
0
2 36 26
0
0
1 40
0
1 7
1 35
0
1 36
1 42
4 35 14 29 20
0
2 21 23
1 26
1 22
50
1 4
2 4 44
0
0
5 34 2 1 12 22
0
3 43 40 35
0
0
0
0
2 27 34
2 9 6
2 40 17
1 7
3 47 19 46
0
1 20
1 46
2 41 48
0
2 45 48
2 28 35
1 46
0
0
1 41
0
0
2 44 1
2 12 2
0
0
0
0
0
1 4
4 21 17 36 8
0
1 39
1 34
0
1 27
0
1 32
2 25 48
2 25 1
0
1 34
1 22
48
1 29
1 14
0
1 35
1 13
1 44
1 23
3 7 27 15
2 6 3
0
1 15
4 14 9 10 46
0
0
1 28
1 35
0
0
2 18 48
1 13
1 14
0
0
1 35
2 45 13
0
4 48 16 26 40
0
0
1 6
0
0
3 22 23 48
1 9
0
0
2 9 14
0
2 30 5
1 5
1 14
3 32 27 1
0
0
1 36
0
3 45 37 33
1 15
48
3 14 37 15
2 40 21
1 28
2 41 24
1 46
1 43
0
0
0
0
0
1 10
2 28 29
3 17 46 48
0
5 9 17 11 41 40
2 18 41
0
2 38 13
2 23 4
1 28
2 24 42
0
0
0
2 41 35
0
0
0
0
0
0
3 2 43 48
2 42 5
0
1 19
0
0
0
1 13
1 35
1 10
2 15 46
1 32
3 44 13 38
0
0
1 26
45
0
2 40 22
0
0
0
1 15
0
0
3 11 2 8
3 29 8 7
1 8
2 24 3
0
1 10
1 7
0
0
0
0
1 31
1 39
0
0
5 43 15 29 25 27
3 7 45 8
3 4 41 5
0
1 17
0
1 26
2 45 4
2 24 29
1 18
0
3 3 25 39
3 44 15 45
0
1 23
0
0
2 18 34
1 8
0
1 34
0
43
0
0
2 13 6
1 10
2 37 28
0
3 33 12 19
1 1
0
0
2 20 33
1 22
1 24
0
1 4
1 36
1 2
1 43
2 41 1
2 40 43
1 10
0
2 12 10
1 43
2 14 27
2 9 37
3 28 24 10
2 40 42
0
0
3 36 1 24
2 14 18
0
0
2 34 43
0
0
0
0
1 39
0
1 2
0
46
0
2 35 34
2 4 34
1 34
1 29
1 19
2 25 23
0
1 35
0
0
0
1 23
0
1 45
0
1 18
1 45
0
1 23
0
0
0
2 23 29
0
0
3 9 44 22
0
1 6
0
2 4 19
0
0
0
0
1 11
1 44
0
0
1 4
3 39 22 21
0
0
0
0
1 44
41
0
0
1 4
0
0
0
1 5
2 35 29
1 41
0
2 28 39
0
1 3
1 6
0
0
2 18 34
1 36
0
0
0
2 6 35
0
0
1 18
2 28 16
0
1 2
0
0
0
0
0
1 35
0
0
1 15
1 6
2 6 41
3 17 29 25
1 35
43
1 15
2 15 10
0
1 15
1 17
0
1 8
0
0
0
0
0
0
1 36
0
1 26
0
1 22
1 22
2 12 15
1 2
0
1 33
2 8 2
0
0
1 15
0
0
0
0
4 39 24 13 16
0
0
1 40
0
0
1 34
1 37
1 15
0
1 4
2 34 6
47
1 6
0
2 10 35
0
0
0
0
0
1 10
0
1 10
0
0
0
1 39
1 21
2 4 30
0
0
1 12
0
0
0
1 10
0
1 13
2 18 28
0
0
0
1 20
0
1 38
0
1 46
1 17
2 28 23
2 9 13
0
3 1 43 44
1 33
0
2 10 28
0
1 14
0
2 20 46
49
0
0
2 37 19
1 42
2 20 11
0
0
0
0
0
0
0
0
1 35
0
0
1 18
0
1 13
0
0
1 13
0
3 13 44 35
1 7
3 17 9 45
0
3 41 4 8
0
1 34
0
0
1 10
2 10 7
0
1 8
0
1 33
0
0
1 10
0
0
0
0
1 17
4 38 16 17 28
1 31
0
50
2 3 42
0
0
0
0
1 36
0
0
1 32
0
2 49 32
2 16 27
1 27
0
0
1 21
0
0
0
0
0
0
2 34 41
1 25
0
0
1 3
0
0
1 42
0
1 38
0
1 16
4 28 37 27 45
0
1 15
0
0
0
1 10
2 40 47
0
0
1 23
3 21 42 30
3 3 33 50
0
0
1 21
48
2 9 33
1 33
1 39
1 48
2 12 25
0
2 12 9
1 27
1 41
1 16
0
0
0
1 6
0
0
0
1 27
0
0
1 34
0
0
0
0
0
2 3 39
0
1 21
1 34
2 17 42
1 13
1 17
0
1 45
0
0
0
0
2 32 34
2 16 33
0
0
1 3
0
1 26
0
2 39 19
50
0
1 14
1 41
2 14 15
2 28 19
0
1 24
0
1 24
1 12
0
0
2 28 2
0
1 34
3 39 15 45
1 24
0
0
0
0
0
0
0
1 3
1 47
2 23 30
0
0
0
0
0
0
0
2 28 19
0
0
1 45
0
2 16 20
1 29
3 35 11 2
1 34
0
1 8
0
0
2 23 44
0
0
40
3 12 2 31
2 3 20
0
1 18
0
1 13
0
0
1 11
0
1 40
0
1 39
0
0
1 3
1 8
0
1 39
0
1 22
0
1 20
0
1 18
1 10
0
0
0
1 18
0
0
1 15
1 23
3 14 31 40
1 5
1 18
1 23
0
0
47
1 9
1 17
1 41
0
0
0
0
1 28
0
1 27
2 18 1
0
0
0
0
1 5
0
1 6
0
0
2 44 22
1 43
0
1 40
1 38
2 14 38
1 33
1 18
1 27
0
1 12
1 22
1 34
0
1 20
1 40
0
0
2 20 12
0
0
0
0
0
3 17 6 41
1 7
1 29
40
1 26
3 24 16 13
1 16
0
0
1 15
0
1 34
1 20
2 27 13
0
1 28
0
0
0
1 28
1 35
0
1 29
0
1 15
0
0
3 27 34 35
0
1 16
0
0
2 38 26
2 14 6
1 35
0
0
1 12
0
0
0
0
1 16
0
43
0
0
0
1 37
0
0
0
0
1 32
0
0
1 16
0
0
2 25 27
0
0
0
0
2 41 3
1 12
0
0
0
1 10
0
0
0
0
1 29
0
0
0
0
0
1 2
0
2 43 29
0
0
1 43
0
0
46
1 33
0
1 27
0
0
0
0
0
0
0
0
1 7
0
0
0
0
0
0
0
0
0
1 29
1 6
0
0
0
0
0
0
0
1 5
1 40
0
1 5
0
0
1 6
0
0
0
2 13 14
0
0
1 33
2 21 5
1 36
50
0
0
2 26 39
0
0
0
0
1 4
1 44
1 15
1 49
0
0
0
0
0
0
1 24
0
1 28
0
1 38
0
0
1 26
0
0
0
0
0
0
3 30 29 28
0
0
1 20
0
1 24
0
0
0
0
0
0
0
0
1 4
0
0
0
0
41
0
0
1 2
1 41
0
0
0
0
0
0
2 40 15
0
0
0
0
0
0
0
1 3
0
1 35
1 14
0
0
0
0
0
2 18 15
0
1 5
0
0
0
0
0
1 20
0
0
2 23 18
0
0
43
0
1 20
0
0
0
0
0
0
0
0
0
0
1 38
0
1 30
1 25
0
0
1 18
0
0
0
2 33 38
0
1 1
1 1
0
0
1 1
0
0
0
0
1 18
0
1 28
0
0
0
0
0
0
2 42 22
46
1 6
0
0
0
0
0
0
2 11 10
0
0
1 45
1 7
0
1 44
0
0
0
0
0
0
0
0
0
0
1 17
1 5
0
0
1 17
0
0
0
0
1 12
0
0
0
0
0
3 29 8 7
1 43
0
0
0
1 44
0
49
0
0
2 29 28
0
0
2 17 40
0
0
0
0
0
2 24 6
0
0
0
0
0
0
0
0
0
0
0
0
1 13
1 24
0
0
0
0
0
2 28 14
0
0
0
0
0
0
1 43
0
0
1 13
0
0
0
0
0
1 20
3 2 29 3
