50
24
0
2 8 18
0
0
2 4 21
0
2 3 14
0
2 15 2
0
2 22 5
0
0
2 13 24
0
0
0
2 10 23
2 17 7
2 6 11
2 1 9
0
1 12
2 16 20
24
0
2 21 24
0
1 20
0
0
0
0
2 8 10
2 17 4
2 7 9
0
0
2 1 16
2 3 23
2 13 19
1 4
2 22 2
2 5 18
0
0
0
2 6 14
2 12 11
24
2 23 15
2 19 4
2 10 18
1 21
0
0
0
0
1 5
1 7
1 8
2 22 9
2 24 11
0
1 6
1 14
1 14
1 7
1 21
2 16 17
0
1 5
1 6
1 8
25
1 18
1 18
1 18
1 18
1 18
1 18
1 18
1 18
1 18
1 18
1 18
1 18
1 18
1 18
1 18
1 18
1 18
0
1 18
1 18
1 18
1 18
1 18
1 18
1 18
25
1 17
1 24
1 7
1 3
1 6
1 19
1 8
1 12
1 10
1 16
1 23
1 14
1 5
1 2
1 18
1 21
0
1 22
1 4
1 13
1 15
1 25
1 20
1 1
1 11
25
1 22
0
1 7
1 13
2 10 2
1 23
1 11
1 12
1 20
1 14
1 9
1 25
1 3
1 4
1 16
1 1
1 19
1 24
1 15
1 18
1 6
1 2
1 8
1 21
1 17
25
0
1 22
0
0
0
2 15 24
1 4
2 5 21
0
0
2 2 20
1 3
1 10
2 19 11
2 7 12
0
1 9
2 14 6
2 17 25
2 16 1
0
0
0
2 13 8
1 23
25
1 2
0
1 2
1 5
1 2
2 20 11
2 14 6
2 17 18
1 2
2 7 21
1 12
1 2
1 19
2 15 4
1 3
1 2
1 16
2 9 1
1 2
1 22
2 24 8
1 2
1 2
2 13 25
1 23
24
1 9
1 5
1 5
1 13
0
1 8
1 4
1 1
1 15
1 16
1 3
1 14
1 18
1 24
1 2
1 22
1 11
1 6
2 12 21
1 23
1 7
1 17
1 10
1 20
20
10 3 19 15 11 20 6 13 7 8 10
10 3 19 15 11 20 6 13 7 8 10
0
10 3 19 15 11 20 6 13 7 8 10
10 3 19 15 11 20 6 13 7 8 10
0
0
0
10 3 19 15 11 20 6 13 7 8 10
0
0
10 3 19 15 11 20 6 13 7 8 10
0
10 3 19 15 11 20 6 13 7 8 10
0
10 3 19 15 11 20 6 13 7 8 10
10 3 19 15 11 20 6 13 7 8 10
10 3 19 15 11 20 6 13 7 8 10
0
0
50
2 36 26
0
2 45 6
2 7 24
0
2 27 31
0
0
0
0
0
0
2 29 17
0
2 46 50
2 9 15
2 12 23
0
2 34 4
2 5 13
2 33 47
2 10 21
2 49 1
2 30 20
0
2 2 22
0
2 8 40
0
0
2 44 42
0
0
0
2 32 16
0
2 38 19
0
1 18
2 48 3
2 25 39
2 43 35
0
0
0
0
2 11 28
0
0
2 14 41
50
0
2 26 50
0
2 6 31
0
0
2 1 37
0
2 46 25
0
1 47
0
0
0
0
2 35 2
0
2 39 11
0
0
2 27 33
2 19 38
0
0
2 41 44
0
0
2 23 29
2 8 49
2 17 28
2 13 9
2 12 7
2 36 4
0
0
0
2 34 21
2 14 48
1 11
0
0
2 5 32
2 24 22
2 20 45
2 3 18
0
0
2 10 30
2 15 42
2 40 43
48
0
0
1 1
1 45
1 28
1 37
2 16 17
0
1 32
2 12 19
2 3 30
1 39
1 48
2 26 42
2 20 46
1 29
1 29
1 8
1 39
1 22
1 48
0
2 9 33
1 45
2 35 41
1 2
0
0
0
1 1
1 28
0
1 32
2 18 44
1 27
2 21 13
0
1 37
0
2 5 31
1 27
1 2
2 38 6
1 8
0
1 22
2 24 4
0
50
1 47
1 47
1 47
1 47
1 47
1 47
1 47
1 47
1 47
1 47
1 47
1 47
1 47
1 47
1 47
1 47
1 47
1 47
1 47
1 47
1 47
1 47
1 47
1 47
1 47
1 47
1 47
1 47
1 47
1 47
1 47
1 47
1 47
1 47
1 47
1 47
1 47
1 47
1 47
1 47
1 47
1 47
1 47
1 47
1 47
1 47
0
1 47
1 47
1 47
50
1 39
1 9
1 31
1 33
1 43
1 5
1 2
1 21
1 8
1 48
1 12
1 34
1 24
1 23
1 4
1 38
1 19
1 30
1 50
1 42
1 13
1 11
1 36
1 46
1 14
1 6
1 18
1 41
1 17
1 10
1 7
1 49
1 35
1 45
1 37
1 16
1 32
1 29
1 44
1 47
1 25
1 1
1 20
1 22
0
1 26
1 27
1 28
1 40
1 3
50
1 2
1 39
1 36
1 21
1 20
1 47
1 17
1 44
1 45
1 13
1 10
1 22
1 12
1 25
1 1
1 43
1 40
1 50
1 33
1 11
0
1 7
1 30
1 18
1 24
1 16
1 46
1 49
1 48
1 26
2 28 21
1 34
1 4
1 37
1 42
1 27
1 9
1 32
1 35
1 23
1 38
1 19
1 8
1 29
1 3
1 5
1 14
1 6
1 41
1 15
50
0
2 11 6
2 47 49
2 36 17
1 25
2 30 8
0
2 31 41
2 7 50
0
2 15 43
2 3 48
0
0
1 14
2 4 2
2 32 38
1 19
0
2 12 28
0
0
2 5 24
1 39
0
2 46 9
2 16 20
2 23 26
0
1 10
0
1 22
1 44
2 29 45
0
2 37 33
1 35
1 1
0
0
0
0
1 40
0
0
1 13
1 21
2 18 34
1 42
0
50
1 19
2 43 28
1 42
2 27 40
1 19
1 19
2 37 22
2 34 12
2 50 38
1 19
1 26
2 41 9
2 29 20
1 19
1 19
1 19
1 19
1 49
0
1 19
2 45 48
2 2 32
1 19
1 19
1 31
1 19
1 1
1 5
1 19
2 11 25
1 19
2 39 13
1 19
2 36 21
1 6
2 3 18
2 4 30
2 47 33
1 23
1 10
2 35 44
1 19
1 16
1 24
1 15
2 8 7
1 19
1 17
1 19
1 14
50
1 2
1 13
1 7
1 49
1 47
1 41
1 4
1 14
1 8
1 3
1 50
1 27
1 5
1 11
1 36
1 28
1 23
0
1 24
1 45
1 34
1 43
1 12
1 31
1 39
1 18
1 16
1 40
1 46
1 1
1 48
2 22 35
1 38
1 44
1 42
1 21
1 25
1 10
1 26
1 18
1 20
1 30
1 9
1 17
1 33
1 6
1 19
1 15
1 37
1 29
50
10 37 28 2 17 10 20 49 39 11 12
0
10 42 38 30 8 1 44 18 15 27 21
10 42 38 30 8 1 44 18 15 27 21
10 43 4 24 34 41 50 3 45 46 31
10 47 5 19 33 40 48 13 22 23 36
10 47 5 19 33 40 48 13 22 23 36
10 37 28 2 17 10 20 49 39 11 12
10 47 5 19 33 40 48 13 22 23 36
0
0
0
10 43 4 24 34 41 50 3 45 46 31
10 47 5 19 33 40 48 13 22 23 36
10 37 28 2 17 10 20 49 39 11 12
10 47 5 19 33 40 48 13 22 23 36
0
10 37 28 2 17 10 20 49 39 11 12
10 43 4 24 34 41 50 3 45 46 31
0
10 37 28 2 17 10 20 49 39 11 12
10 43 4 24 34 41 50 3 45 46 31
10 43 4 24 34 41 50 3 45 46 31
10 42 38 30 8 1 44 18 15 27 21
10 47 5 19 33 40 48 13 22 23 36
10 47 5 19 33 40 48 13 22 23 36
10 37 28 2 17 10 20 49 39 11 12
0
10 47 5 19 33 40 48 13 22 23 36
10 37 28 2 17 10 20 49 39 11 12
10 42 38 30 8 1 44 18 15 27 21
10 47 5 19 33 40 48 13 22 23 36
10 43 4 24 34 41 50 3 45 46 31
10 42 38 30 8 1 44 18 15 27 21
10 47 5 19 33 40 48 13 22 23 36
10 43 4 24 34 41 50 3 45 46 31
0
10 37 28 2 17 10 20 49 39 11 12
0
10 43 4 24 34 41 50 3 45 46 31
10 42 38 30 8 1 44 18 15 27 21
10 37 28 2 17 10 20 49 39 11 12
10 42 38 30 8 1 44 18 15 27 21
10 37 28 2 17 10 20 49 39 11 12
10 42 38 30 8 1 44 18 15 27 21
10 42 38 30 8 1 44 18 15 27 21
10 43 4 24 34 41 50 3 45 46 31
10 43 4 24 34 41 50 3 45 46 31
0
10 42 38 30 8 1 44 18 15 27 21
5
0
0
2 2 1
1 3
1 1
5
2 5 4
2 5 4
0
0
0
5
0
0
2 1 4
1 1
1 1
5
0
0
2 5 1
1 5
1 2
5
1 4
1 5
1 4
0
1 4
40
0
1 36
2 34 7
0
3 31 12 37
1 18
0
3 38 30 2
0
3 3 15 32
3 23 33 34
0
1 24
2 23 8
0
0
1 22
0
2 12 18
0
3 31 37 18
0
0
0
2 18 7
0
1 37
0
1 7
0
0
1 15
1 36
3 9 20 36
1 18
0
2 18 3
1 36
1 7
1 9
48
2 20 45
2 8 20
3 7 4 1
1 40
1 42
0
0
1 38
4 3 36 44 16
0
0
0
0
0
0
0
1 21
0
1 34
0
3 46 43 16
0
2 46 22
0
0
2 34 40
2 11 5
2 20 5
1 5
2 25 45
0
2 46 18
0
0
4 25 20 26 33
2 28 24
2 6 20
0
2 43 16
0
4 6 16 44 27
0
1 38
1 4
0
0
0
0
48
1 39
0
0
2 5 19
1 44
1 23
1 23
1 18
0
1 25
1 3
1 39
0
1 13
1 36
1 7
1 19
1 10
0
0
1 29
0
0
1 25
0
2 24 10
2 32 33
0
0
2 14 46
2 20 18
0
0
0
1 16
1 9
6 25 8 40 45 36 32
3 4 13 48
1 18
0
2 45 47
0
1 29
1 22
2 23 9
0
1 33
4 16 44 22 19
49
2 15 7
1 34
2 35 27
0
0
0
1 23
1 5
1 37
1 5
2 2 49
1 13
0
0
1 34
0
0
1 49
1 16
0
2 35 14
0
0
1 10
0
5 20 7 38 13 22
2 11 29
1 17
2 6 46
2 46 14
1 44
1 37
2 49 45
0
1 16
0
2 17 43
4 24 43 45 7
1 7
0
1 34
0
1 42
1 13
1 11
0
0
3 24 38 34
0
40
2 11 20
0
0
0
1 31
3 13 24 40
1 4
2 2 31
0
0
3 19 36 40
1 7
0
0
1 36
1 9
2 36 2
3 17 31 21
2 40 32
1 39
1 13
0
0
1 35
0
0
2 1 28
0
0
1 17
1 40
0
3 14 15 8
3 15 23 7
0
1 25
0
1 39
3 29 13 36
0
41
0
0
0
1 30
2 15 21
1 33
1 18
1 3
2 7 14
1 22
0
1 13
0
0
0
2 2 14
1 12
3 32 41 1
0
2 10 26
0
0
1 8
3 16 11 23
0
0
1 18
1 4
0
0
2 36 30
3 21 41 13
2 2 10
2 39 31
1 5
0
3 32 6 27
0
3 29 22 26
1 1
0
41
1 10
0
1 13
1 15
0
1 5
0
1 28
0
0
1 21
2 26 10
1 40
0
1 17
1 35
0
3 33 1 39
4 8 37 21 15
4 38 13 40 1
0
0
0
0
2 12 27
0
0
1 6
1 5
1 9
0
0
5 7 1 35 22 16
2 17 4
1 26
0
1 14
1 34
2 21 1
0
2 2 7
44
0
2 36 18
3 16 2 41
2 2 35
0
0
1 34
0
0
0
0
0
0
0
1 29
2 13 30
2 7 30
0
0
0
0
3 13 1 43
1 44
0
0
1 34
0
0
2 34 24
1 14
1 8
2 42 41
0
0
0
0
0
1 25
0
1 38
0
1 35
1 12
1 36
41
0
1 21
2 40 39
1 30
0
0
0
0
1 8
0
0
0
1 7
0
1 41
2 21 17
1 11
0
1 6
0
0
0
1 8
2 14 17
2 40 11
1 38
0
1 10
0
0
3 14 6 20
1 17
1 32
3 40 41 24
0
1 12
0
0
0
0
0
49
1 32
0
0
1 43
1 11
1 37
0
0
0
0
3 33 34 38
1 22
0
1 30
0
0
0
0
0
0
1 8
1 15
1 2
4 19 22 49 20
1 21
2 7 41
1 39
0
1 33
0
1 15
0
0
0
0
0
0
1 20
0
1 10
1 38
0
0
1 3
2 18 11
2 36 48
1 25
0
1 7
44
0
2 11 42
2 29 13
0
1 40
4 12 41 26 7
0
1 41
0
0
0
0
0
1 43
0
0
0
3 19 23 41
0
0
1 30
0
0
1 29
1 9
1 24
1 1
1 29
0
0
0
1 16
0
0
1 13
1 41
0
2 4 16
1 29
0
1 7
1 9
1 33
0
40
0
0
0
0
0
0
0
0
0
1 36
0
0
3 5 17 10
2 20 28
1 34
1 32
0
0
1 9
0
0
0
1 11
1 25
0
1 31
0
4 8 18 26 25
1 31
0
0
0
1 29
1 19
3 7 37 15
2 38 4
0
0
0
2 16 7
45
2 12 27
0
0
0
4 38 40 7 2
1 3
0
1 7
0
1 36
0
0
0
1 23
1 40
1 35
1 11
1 3
0
1 2
0
1 29
0
0
1 14
2 38 22
1 25
2 14 4
0
0
1 16
0
1 32
1 28
0
0
0
0
1 2
3 42 16 20
0
0
1 11
0
0
45
0
0
1 20
1 25
3 17 22 38
1 39
1 26
0
2 26 35
0
0
1 24
2 28 19
0
3 38 8 30
0
0
0
0
0
1 40
1 38
0
0
0
0
2 6 18
2 8 15
0
0
0
1 4
0
1 38
0
0
0
0
0
3 25 34 4
1 2
1 33
0
0
2 23 10
50
2 24 20
2 5 18
1 5
2 8 43
0
1 23
0
0
0
0
2 29 8
1 34
0
0
0
2 11 37
1 25
0
0
1 41
0
0
0
0
0
0
2 8 33
1 39
1 30
1 26
0
0
0
1 14
1 30
0
0
1 25
0
0
3 37 12 19
0
1 1
3 25 38 34
0
0
0
0
3 18 8 29
0
43
0
0
3 9 37 43
0
3 40 28 10
1 21
1 42
1 1
0
0
0
1 29
0
1 12
1 12
0
1 24
1 4
1 13
0
2 13 29
0
0
1 43
0
2 14 10
1 43
1 23
0
0
0
2 18 41
0
0
0
1 40
0
0
0
0
2 37 28
0
1 13
40
0
0
1 9
0
1 10
0
0
1 37
0
1 25
0
2 25 2
2 16 33
0
0
1 40
0
0
0
0
0
4 28 12 37 21
0
0
0
1 2
2 15 1
2 25 12
0
1 1
1 28
0
0
0
0
1 34
1 28
0
1 33
3 6 32 11
42
0
0
0
0
3 20 17 7
0
0
0
2 8 24
0
1 38
1 7
1 5
2 34 15
0
1 29
0
4 24 1 2 22
2 36 8
0
0
0
1 1
0
0
2 10 23
0
1 13
2 33 19
1 36
0
0
0
1 18
0
0
2 3 24
0
0
0
0
1 17
47
0
0
0
0
0
0
0
0
0
1 33
0
0
1 33
1 38
0
0
1 11
1 9
0
1 30
0
0
0
0
0
1 30
1 5
1 39
0
1 39
0
0
0
0
0
2 1 46
0
0
0
0
1 14
1 8
0
0
0
1 30
0
49
1 25
0
1 49
0
0
1 23
0
0
0
0
1 25
0
0
0
0
0
0
0
2 23 25
0
1 17
0
1 30
0
0
1 44
0
0
1 18
0
0
1 11
0
1 2
0
1 37
0
0
0
0
0
1 49
0
0
0
1 20
1 24
0
0
48
0
0
0
1 16
0
0
0
0
0
0
0
1 23
0
0
1 33
1 21
1 7
0
0
0
0
0
0
0
1 28
1 35
0
0
1 18
1 28
1 9
0
0
0
0
0
0
0
0
0
2 46 21
1 48
0
1 27
0
1 19
1 5
0
49
0
0
0
0
0
2 14 1
0
2 23 7
0
0
0
0
1 30
0
1 4
0
0
1 33
0
0
0
0
0
1 48
0
0
0
0
1 26
1 5
0
1 8
0
0
0
0
0
0
0
0
0
1 33
0
0
0
3 13 16 41
1 19
0
0
50
0
1 39
0
0
0
1 21
0
0
0
1 3
0
1 14
0
0
0
0
1 13
0
0
1 4
0
1 31
0
0
0
0
0
1 21
0
0
0
0
1 13
0
0
1 6
0
1 15
0
0
0
1 26
0
0
2 15 42
1 4
0
0
0
1 26
49
1 20
0
1 15
0
0
0
0
0
0
1 33
0
0
1 17
1 25
0
0
0
0
0
0
2 45 11
0
1 12
0
0
0
0
0
1 22
0
0
0
0
0
0
0
0
1 27
1 44
0
0
2 28 25
0
0
1 43
0
0
0
2 4 5
44
0
1 5
0
0
0
1 35
0
0
0
0
0
0
0
0
1 41
2 5 43
2 23 16
0
1 20
0
1 12
0
0
0
1 6
1 42
0
0
0
0
0
0
0
0
1 14
0
0
0
1 37
0
0
0
0
1 26
