50
24
2 18 14
0
0
0
0
0
2 2 20
2 17 22
2 15 12
1 23
0
2 4 7
0
2 3 10
0
2 11 1
0
0
2 13 9
2 6 16
0
2 5 24
0
2 21 19
24
0
1 7
0
2 2 7
0
0
1 22
2 9 15
0
0
0
2 3 17
0
0
2 10 24
2 1 18
2 23 4
2 14 21
2 6 12
2 11 19
2 5 20
0
0
2 13 16
24
1 22
1 3
0
1 22
2 6 14
1 8
0
0
1 3
1 19
2 2 9
0
2 23 20
1 8
2 10 18
2 4 1
2 21 24
1 19
0
1 12
1 7
0
1 12
1 7
25
1 16
1 16
1 16
1 16
1 16
1 16
1 16
1 16
1 16
1 16
1 16
1 16
1 16
1 16
1 16
0
1 16
1 16
1 16
1 16
1 16
1 16
1 16
1 16
1 16
25
1 11
1 7
1 17
1 21
1 9
1 10
1 16
0
1 6
1 19
1 15
1 23
1 14
1 4
1 2
1 3
1 13
1 1
1 24
1 5
1 8
1 25
1 22
1 12
1 18
25
1 19
2 3 16
1 1
1 5
1 16
1 17
1 20
1 7
1 24
1 18
1 15
1 4
1 6
1 11
1 12
0
1 14
1 8
1 22
1 25
1 10
1 21
1 9
1 13
1 23
25
0
0
0
2 1 5
0
1 25
2 24 17
0
1 22
2 18 21
0
1 11
0
1 2
2 19 10
0
1 13
2 12 9
2 7 23
2 16 8
2 14 4
0
2 6 20
1 3
0
25
2 11 10
1 20
1 15
1 16
2 24 25
1 15
2 5 21
1 15
1 15
2 12 19
2 23 4
1 9
1 15
2 7 1
0
1 15
1 18
1 15
2 13 3
1 15
2 2 17
1 15
1 6
1 22
1 8
24
1 11
2 23 5
1 12
1 1
1 6
1 3
1 19
1 17
1 18
1 18
1 7
1 16
1 14
1 24
1 8
1 13
1 21
0
1 15
1 22
1 9
1 10
1 4
1 20
20
0
10 16 6 20 11 3 1 8 18 9 13
0
10 16 6 20 11 3 1 8 18 9 13
10 16 6 20 11 3 1 8 18 9 13
0
10 16 6 20 11 3 1 8 18 9 13
0
0
10 16 6 20 11 3 1 8 18 9 13
0
10 16 6 20 11 3 1 8 18 9 13
0
10 16 6 20 11 3 1 8 18 9 13
10 16 6 20 11 3 1 8 18 9 13
0
10 16 6 20 11 3 1 8 18 9 13
0
10 16 6 20 11 3 1 8 18 9 13
0
50
0
0
0
1 32
2 50 45
0
0
2 14 11
2 26 20
2 37 21
2 13 10
2 7 40
0
0
2 39 8
2 24 48
0
0
0
2 43 38
2 36 47
2 35 33
2 42 22
0
0
0
2 17 4
2 34 12
0
0
2 18 28
0
2 1 15
0
0
0
0
2 6 46
0
2 25 44
0
0
0
2 2 23
2 3 49
2 30 5
2 41 16
2 19 27
2 29 31
0
50
0
2 50 14
2 44 12
1 35
2 45 3
2 36 29
2 38 5
0
0
2 47 4
2 1 40
2 16 32
0
2 25 31
2 30 18
0
2 26 22
2 24 48
2 37 2
2 23 21
2 49 7
2 41 34
0
0
0
0
0
2 27 42
2 39 28
0
2 33 17
2 43 10
0
2 46 11
0
0
0
0
0
2 9 20
0
2 13 19
0
0
0
0
1 4
2 8 6
0
0
48
0
0
1 46
2 40 21
1 30
2 7 23
1 2
2 43 48
2 36 34
0
0
1 32
0
1 29
0
0
1 10
0
1 30
2 28 41
1 11
2 17 35
1 2
1 18
1 18
1 16
2 3 47
1 15
0
0
2 25 24
0
1 32
1 13
1 10
1 13
2 5 19
2 12 33
1 29
1 11
1 15
1 16
1 1
2 42 26
2 14 39
0
1 46
1 1
50
1 2
0
1 2
1 2
1 2
1 2
1 2
1 2
1 2
1 2
1 2
1 2
1 2
1 2
1 2
1 2
1 2
1 2
1 2
1 2
1 2
1 2
1 2
1 2
1 2
1 2
1 2
1 2
1 2
1 2
1 2
1 2
1 2
1 2
1 2
1 2
1 2
1 2
1 2
1 2
1 2
1 2
1 2
1 2
1 2
1 2
1 2
1 2
1 2
1 2
50
1 35
1 29
1 5
1 48
1 42
1 36
1 40
1 23
1 17
1 49
1 26
1 1
1 21
1 45
1 3
1 41
1 10
1 15
1 13
1 2
1 31
1 43
1 6
1 44
1 33
1 30
1 7
1 8
1 11
1 28
1 9
1 20
1 12
1 46
1 39
1 38
1 27
1 50
1 34
1 47
0
1 24
1 25
1 19
1 22
1 32
1 14
1 18
1 16
1 4
50
1 28
1 23
1 41
1 31
1 46
1 34
1 4
1 25
1 2
1 12
1 26
1 15
1 22
1 17
1 43
1 24
1 19
1 45
1 39
0
1 32
1 10
1 16
1 11
1 13
1 7
1 36
1 49
1 37
1 5
1 27
1 1
1 14
1 18
1 50
1 38
1 6
1 20
1 8
1 35
1 9
1 21
1 47
1 3
1 44
1 40
1 42
2 30 20
1 29
1 33
50
0
0
2 13 36
0
0
0
1 26
2 40 31
0
2 20 16
1 49
0
2 28 47
1 21
0
1 5
1 15
1 1
1 42
1 46
0
2 29 9
1 6
0
1 38
0
1 34
2 10 50
0
2 23 14
0
1 2
2 45 43
0
2 19 8
2 48 33
2 17 27
0
1 4
0
2 24 12
0
2 18 41
2 32 22
2 39 7
0
2 30 35
2 37 44
0
2 25 11
50
1 38
1 50
2 33 7
1 38
2 34 13
2 44 30
2 9 39
1 27
1 38
1 26
2 2 14
1 46
1 38
1 45
1 4
1 38
2 37 41
1 35
1 28
1 38
1 38
2 11 36
1 38
1 25
1 38
1 38
1 38
1 38
2 48 24
2 17 49
1 1
2 31 19
1 20
1 38
1 38
2 42 5
2 15 12
0
1 38
2 8 18
2 10 47
1 16
2 32 29
2 43 22
1 38
1 38
1 23
1 21
2 40 3
1 38
50
1 48
1 39
1 9
1 45
1 11
1 15
1 22
1 40
1 6
1 20
1 1
1 50
1 27
1 16
1 12
1 49
1 46
1 14
1 43
1 3
1 25
1 8
1 21
1 5
1 34
1 7
1 37
2 31 30
1 32
1 33
1 18
1 10
1 35
1 24
1 17
1 26
1 19
1 47
1 50
1 13
1 38
1 29
1 44
1 4
1 41
1 23
1 2
1 42
1 36
0
50
0
10 24 45 7 43 6 37 26 19 22 34
10 12 41 27 47 40 4 21 29 28 2
10 24 45 7 43 6 37 26 19 22 34
10 12 41 27 47 40 4 21 29 28 2
10 44 35 33 30 25 17 20 11 42 18
10 44 35 33 30 25 17 20 11 42 18
10 12 41 27 47 40 4 21 29 28 2
0
10 12 41 27 47 40 4 21 29 28 2
10 9 48 15 49 39 1 50 38 13 32
10 24 45 7 43 6 37 26 19 22 34
0
10 12 41 27 47 40 4 21 29 28 2
0
10 12 41 27 47 40 4 21 29 28 2
10 9 48 15 49 39 1 50 38 13 32
10 9 48 15 49 39 1 50 38 13 32
10 44 35 33 30 25 17 20 11 42 18
10 9 48 15 49 39 1 50 38 13 32
10 24 45 7 43 6 37 26 19 22 34
10 44 35 33 30 25 17 20 11 42 18
10 12 41 27 47 40 4 21 29 28 2
10 44 35 33 30 25 17 20 11 42 18
10 9 48 15 49 39 1 50 38 13 32
10 44 35 33 30 25 17 20 11 42 18
10 24 45 7 43 6 37 26 19 22 34
10 24 45 7 43 6 37 26 19 22 34
10 24 45 7 43 6 37 26 19 22 34
10 9 48 15 49 39 1 50 38 13 32
10 12 41 27 47 40 4 21 29 28 2
0
10 9 48 15 49 39 1 50 38 13 32
10 44 35 33 30 25 17 20 11 42 18
10 9 48 15 49 39 1 50 38 13 32
10 12 41 27 47 40 4 21 29 28 2
10 44 35 33 30 25 17 20 11 42 18
0
0
10 24 45 7 43 6 37 26 19 22 34
10 24 45 7 43 6 37 26 19 22 34
10 9 48 15 49 39 1 50 38 13 32
10 44 35 33 30 25 17 20 11 42 18
10 9 48 15 49 39 1 50 38 13 32
10 44 35 33 30 25 17 20 11 42 18
10 12 41 27 47 40 4 21 29 28 2
10 24 45 7 43 6 37 26 19 22 34
0
0
0
5
0
1 1
0
2 3 1
1 1
5
2 2 5
2 3 4
0
0
0
5
1 5
1 1
2 2 4
0
0
5
2 3 5
1 1
1 5
0
0
5
0
1 3
0
2 2 1
1 2
50
0
0
2 8 13
2 1 14
0
0
1 32
0
1 39
4 30 16 38 27
2 30 4
2 5 43
0
0
1 25
0
1 22
0
1 18
1 40
1 40
1 6
3 30 41 35
0
3 29 22 18
5 3 25 27 5 14
0
2 29 37
0
1 13
1 7
0
3 9 24 7
0
0
0
0
1 49
0
0
1 39
0
0
4 31 18 46 17
1 40
2 6 35
2 22 41
0
0
1 23
41
1 30
1 6
0
2 38 35
1 15
0
0
0
2 19 33
2 38 27
0
1 35
3 16 35 37
0
2 28 3
0
0
1 35
0
1 3
1 33
1 35
3 3 1 30
1 30
3 5 1 9
0
0
1 16
1 19
1 12
1 33
2 1 11
0
1 20
0
2 19 7
0
1 35
1 21
3 33 16 39
1 19
41
0
0
1 15
0
1 37
1 23
0
0
2 27 40
1 4
1 3
0
0
0
0
4 33 2 11 24
4 11 26 35 29
0
1 3
1 23
3 26 6 1
0
1 15
0
2 23 29
0
3 22 24 31
0
2 1 36
2 19 9
0
1 29
3 37 7 8
0
1 40
1 24
1 40
2 30 31
2 28 4
0
0
42
2 31 37
3 5 31 36
2 29 7
0
1 34
2 11 5
3 15 34 35
0
1 14
2 27 16
1 36
1 42
0
0
1 14
1 40
0
1 31
4 14 2 1 22
2 41 26
3 33 24 22
1 11
0
0
1 17
0
1 33
0
0
2 21 34
0
2 15 34
0
0
1 4
0
1 34
0
1 37
0
2 29 16
0
46
3 3 40 17
0
0
3 29 20 36
3 14 35 11
1 20
1 3
0
3 31 6 22
0
1 31
0
2 29 35
4 36 30 17 45
1 45
4 44 42 38 8
0
0
2 38 1
0
2 30 20
0
5 19 41 13 44 21
0
0
2 42 36
2 36 1
1 4
0
0
2 44 42
1 40
0
1 31
0
0
0
0
0
1 42
1 40
0
0
0
0
0
41
0
2 6 18
2 24 28
3 6 22 34
0
0
0
3 6 4 23
0
1 6
1 30
0
0
0
2 24 10
2 6 22
0
1 17
5 10 5 28 30 24
1 9
0
1 31
1 5
0
1 9
0
1 29
0
0
0
0
1 26
1 28
0
3 25 22 8
3 1 32 5
2 26 13
1 1
1 12
2 38 37
0
43
0
2 27 1
2 12 6
1 12
0
1 26
0
0
2 19 29
0
3 39 1 24
0
1 24
3 17 29 36
2 7 12
1 40
4 26 43 18 39
1 6
0
1 4
1 12
0
0
0
0
0
3 12 9 20
2 22 1
1 22
0
0
1 14
1 12
0
1 19
4 29 28 9 4
0
3 1 22 30
0
1 1
0
0
1 7
50
1 18
4 24 27 45 23
1 50
1 42
0
0
0
0
2 20 12
1 41
0
0
0
3 48 26 5
1 39
1 22
0
1 6
0
0
1 6
0
0
2 50 45
1 26
0
0
0
0
1 5
1 3
1 48
1 7
2 17 22
1 34
1 44
1 42
1 25
0
0
0
0
1 12
0
1 23
0
0
0
0
1 23
47
1 25
2 19 9
1 25
0
0
0
0
1 32
0
1 17
0
2 4 37
1 31
0
0
0
0
1 3
0
1 28
1 11
0
0
0
0
0
0
1 15
2 32 33
0
0
1 15
0
0
0
2 25 31
2 29 13
2 36 40
0
0
1 24
2 24 41
1 18
1 13
1 19
3 19 20 23
0
47
1 28
0
0
0
1 8
1 40
1 27
0
2 18 31
4 46 37 43 19
0
0
3 37 7 15
0
0
1 3
2 6 7
0
0
0
0
0
0
3 3 20 45
0
0
1 1
0
0
0
0
1 8
1 23
1 16
1 28
2 22 20
0
0
1 25
1 28
0
0
2 45 12
0
0
1 42
0
43
0
0
2 13 2
3 1 28 29
2 29 10
0
0
1 10
0
0
1 43
0
2 12 14
1 34
0
0
1 14
0
1 9
2 2 18
2 20 23
0
0
1 34
0
0
0
1 24
1 24
0
0
0
0
0
0
2 26 18
0
0
2 16 43
3 16 34 27
0
0
0
40
1 27
0
2 27 28
0
0
0
1 14
0
2 15 33
0
2 5 39
0
0
0
0
0
2 8 38
3 5 16 39
0
1 25
1 35
0
3 32 33 29
1 37
0
0
0
0
0
1 12
0
0
0
2 10 5
1 34
0
1 10
0
1 33
1 10
50
1 37
0
1 36
1 50
0
1 35
0
0
2 30 26
1 40
0
0
1 50
0
3 16 30 45
0
3 36 46 32
4 19 24 50 30
2 21 38
0
0
1 11
0
0
1 6
0
0
0
0
0
0
1 11
0
0
0
1 28
0
2 44 11
1 11
0
0
2 21 35
1 41
0
0
1 48
2 16 8
0
0
0
42
0
1 19
1 5
1 29
0
1 40
0
1 9
0
1 39
0
0
0
0
1 31
1 25
1 7
2 1 38
0
1 40
2 32 30
0
0
0
0
0
4 39 30 40 9
1 9
1 21
0
0
3 11 12 13
0
0
2 3 13
1 12
1 39
0
0
1 39
0
0
41
0
1 16
1 16
4 37 6 9 32
2 30 19
1 11
1 17
0
2 7 8
0
0
1 17
0
0
0
0
0
1 27
0
0
1 16
0
1 38
1 10
1 39
4 21 28 24 3
0
1 20
0
1 37
0
0
1 35
0
0
0
1 16
0
1 11
0
0
45
0
0
1 24
1 45
0
2 10 3
1 39
0
1 35
0
0
2 35 2
0
1 6
0
0
1 13
0
1 36
0
3 37 4 10
1 4
0
1 11
1 44
0
0
1 45
0
0
0
0
0
1 9
0
1 16
2 35 28
1 22
1 28
0
0
2 8 4
2 22 14
2 16 22
0
43
1 28
1 38
2 27 19
0
1 28
0
0
1 11
0
1 14
0
0
1 9
0
0
2 22 40
0
0
0
2 29 9
1 7
1 10
0
1 7
1 14
0
1 23
0
0
1 26
1 7
0
0
0
3 37 5 6
0
0
2 5 18
1 27
1 36
0
1 30
1 8
44
1 40
1 24
1 25
1 38
0
0
0
0
1 27
1 43
0
1 16
1 28
2 19 44
2 28 12
0
2 15 12
0
2 12 39
2 16 22
0
0
1 25
0
0
0
0
0
1 1
0
0
0
1 31
0
2 26 11
0
1 32
0
1 40
0
0
3 6 19 41
1 40
0
46
0
1 24
0
0
0
1 12
0
1 42
1 35
0
0
0
0
1 16
1 5
0
0
0
2 20 32
0
0
1 28
0
0
0
1 35
0
0
0
1 29
0
0
0
0
0
0
0
0
1 16
0
0
1 16
1 5
0
1 20
0
42
0
0
0
0
0
2 2 12
0
0
0
0
0
0
0
1 26
1 34
0
3 21 32 35
1 11
1 27
0
0
0
0
0
0
2 13 27
0
0
0
0
0
0
0
0
0
0
2 2 33
1 34
0
0
0
0
47
1 2
0
0
0
1 42
0
0
1 36
0
0
0
0
0
0
1 27
0
1 47
0
1 32
0
0
2 23 8
1 26
0
0
0
0
0
0
1 21
0
0
1 41
0
0
1 4
0
0
0
0
0
2 27 25
0
0
0
1 27
0
48
2 47 18
1 8
0
0
1 13
2 40 38
0
0
0
0
2 35 34
0
0
0
1 29
0
1 21
0
0
0
1 10
2 3 31
0
0
0
0
2 4 32
0
0
0
0
0
0
0
0
1 7
0
0
0
0
0
0
0
0
0
0
0
0
48
0
3 22 4 47
0
0
0
0
1 16
0
0
0
0
0
0
0
1 5
0
0
2 21 25
0
1 26
0
0
0
0
0
0
1 1
1 24
0
0
0
1 19
0
1 24
0
0
0
0
0
0
1 24
1 18
0
0
2 33 29
0
0
0
42
0
0
1 16
0
0
0
0
0
1 16
1 17
0
1 16
0
0
1 22
0
1 16
0
1 41
0
0
1 5
0
0
0
0
1 5
1 9
0
0
0
0
1 20
0
0
0
2 8 22
0
0
0
0
1 14
46
0
0
0
0
0
0
0
0
0
0
0
1 6
0
0
0
2 23 32
0
0
2 42 23
1 42
0
2 34 15
0
0
0
1 17
0
0
0
0
0
0
1 25
0
1 9
0
1 33
1 24
0
0
0
0
1 38
0
1 41
0
