50
24
0
2 15 20
0
1 23
2 1 19
2 9 2
0
2 22 6
0
2 3 13
0
2 21 5
2 14 12
0
0
2 11 10
0
0
2 17 8
2 18 24
0
0
0
2 7 4
24
2 17 15
2 21 11
2 18 14
2 12 1
2 13 8
0
0
2 23 2
0
0
1 16
0
0
2 7 4
2 6 5
0
0
0
2 24 22
2 10 19
1 11
2 9 3
0
0
24
0
1 7
2 17 9
1 23
0
1 23
0
2 6 4
1 1
1 5
1 19
2 14 21
2 2 22
1 16
2 11 18
0
1 1
1 19
0
1 5
1 16
1 7
0
2 20 10
25
1 16
1 16
1 16
1 16
1 16
1 16
1 16
1 16
1 16
1 16
1 16
1 16
1 16
1 16
1 16
0
1 16
1 16
1 16
1 16
1 16
1 16
1 16
1 16
1 16
25
1 2
1 18
0
1 5
1 24
1 20
1 6
1 10
1 4
1 3
1 13
1 22
1 15
1 7
1 14
1 12
1 16
1 25
1 1
1 21
1 17
1 8
1 9
1 11
1 23
25
1 23
1 16
1 20
1 2
1 4
1 11
1 18
0
1 15
1 14
1 22
2 17 8
1 1
1 19
1 25
1 6
1 13
1 10
1 3
1 8
1 7
1 21
1 9
1 5
1 24
25
0
2 7 15
1 9
0
0
0
2 19 22
2 25 16
0
2 14 12
0
2 3 23
0
2 21 20
2 18 8
0
0
1 4
1 11
1 5
1 6
1 17
2 1 13
2 10 2
0
25
1 12
1 20
2 14 18
1 21
2 6 1
1 17
1 21
1 24
1 13
1 21
2 7 4
1 21
1 21
2 2 22
2 9 16
1 10
1 21
2 8 11
1 21
1 21
0
1 19
2 25 3
1 21
2 5 15
24
1 10
1 13
0
1 21
1 4
1 19
1 3
1 6
1 22
1 15
1 5
1 24
1 3
1 11
1 16
1 17
1 7
1 9
1 18
2 23 14
1 1
1 12
1 8
1 2
20
0
0
10 20 13 10 1 19 5 2 11 16 9
10 20 13 10 1 19 5 2 11 16 9
0
10 20 13 10 1 19 5 2 11 16 9
10 20 13 10 1 19 5 2 11 16 9
10 20 13 10 1 19 5 2 11 16 9
0
0
0
10 20 13 10 1 19 5 2 11 16 9
0
10 20 13 10 1 19 5 2 11 16 9
10 20 13 10 1 19 5 2 11 16 9
0
10 20 13 10 1 19 5 2 11 16 9
10 20 13 10 1 19 5 2 11 16 9
0
0
50
2 40 47
2 5 46
0
2 12 17
0
2 44 2
2 11 41
0
2 14 50
2 19 6
0
0
2 28 27
0
2 22 37
0
2 18 7
0
0
2 43 9
2 48 10
0
2 3 4
2 35 25
2 16 13
0
2 42 20
0
2 39 21
0
2 26 23
0
0
0
0
2 38 24
2 33 49
0
0
0
2 32 36
0
0
0
0
1 8
2 34 15
0
2 30 29
2 45 1
50
0
2 15 10
0
2 3 31
2 24 18
2 50 47
2 9 22
0
0
2 41 35
0
2 21 48
0
2 13 40
0
0
1 23
2 28 6
0
2 26 30
0
2 36 20
1 42
0
2 16 4
0
2 32 44
0
0
2 46 43
2 29 12
0
0
2 8 38
2 45 49
0
0
2 11 7
0
2 19 25
0
0
2 37 5
2 33 34
0
0
2 39 2
2 1 27
2 17 23
0
48
1 10
1 31
0
1 9
0
2 47 33
0
1 5
0
0
2 39 29
2 15 2
1 5
1 45
1 31
2 43 4
0
2 46 42
0
1 23
0
1 23
0
1 19
0
1 7
2 26 41
2 36 1
1 3
2 34 38
0
2 8 13
1 21
1 25
1 19
1 10
2 48 14
1 25
1 3
2 22 20
1 7
1 17
1 9
2 35 24
0
1 17
1 21
1 45
50
1 4
1 4
1 4
0
1 4
1 4
1 4
1 4
1 4
1 4
1 4
1 4
1 4
1 4
1 4
1 4
1 4
1 4
1 4
1 4
1 4
1 4
1 4
1 4
1 4
1 4
1 4
1 4
1 4
1 4
1 4
1 4
1 4
1 4
1 4
1 4
1 4
1 4
1 4
1 4
1 4
1 4
1 4
1 4
1 4
1 4
1 4
1 4
1 4
1 4
50
1 16
1 6
1 24
1 34
1 32
1 49
1 4
1 14
1 10
1 33
1 45
1 30
1 11
1 5
1 1
1 38
1 48
1 39
1 3
1 36
1 12
1 44
1 35
1 8
1 7
1 15
1 28
1 40
1 50
1 47
1 37
1 17
1 22
1 2
1 31
1 42
1 29
1 27
1 26
1 23
1 25
1 21
1 20
1 41
0
1 43
1 13
1 9
1 18
1 46
50
1 6
1 12
1 42
1 39
1 4
1 31
1 26
0
1 8
1 41
1 44
1 49
1 2
1 45
1 27
1 30
1 13
1 48
1 16
1 17
1 3
1 43
1 15
1 38
1 11
1 18
1 22
1 21
1 5
1 50
1 25
2 36 8
1 28
1 24
1 9
1 40
1 46
1 29
1 35
1 47
1 14
1 34
1 7
1 33
1 19
1 10
1 20
1 1
1 37
1 23
50
1 13
0
2 17 46
1 27
0
2 26 29
0
0
1 2
2 39 37
0
0
0
0
0
1 35
2 30 18
1 44
1 15
0
1 12
0
2 34 40
0
2 48 7
2 9 19
0
2 16 21
2 33 25
1 24
2 28 23
0
1 11
1 14
0
1 38
2 50 6
0
2 3 31
2 32 5
1 22
2 41 47
1 45
0
0
2 36 4
2 8 20
0
2 43 1
2 49 42
50
1 45
1 44
1 43
1 33
2 42 46
1 33
1 17
1 33
2 29 26
1 33
1 33
2 32 34
1 33
2 18 27
1 33
1 39
1 33
2 16 22
1 33
2 12 14
1 33
1 19
1 13
1 33
1 33
1 21
2 23 30
2 1 7
1 11
2 6 47
2 37 41
2 48 2
0
2 40 49
2 3 38
1 33
2 28 9
2 8 36
1 33
1 10
2 5 35
1 25
1 33
1 33
1 33
1 15
1 33
1 24
1 4
2 31 20
50
1 3
1 27
1 42
1 47
1 23
1 40
1 49
1 11
1 14
0
1 39
1 24
1 7
1 26
1 35
1 5
1 48
1 4
1 50
2 1 12
1 32
1 33
1 17
1 30
1 37
1 45
1 10
1 6
1 15
1 28
1 44
1 8
1 2
1 21
1 19
1 29
1 9
1 13
1 16
1 31
1 38
1 34
1 22
1 25
1 36
1 10
1 46
1 41
1 43
1 18
50
10 41 49 31 11 39 15 38 44 18 21
10 4 12 3 32 9 7 28 43 45 1
10 41 49 31 11 39 15 38 44 18 21
10 41 49 31 11 39 15 38 44 18 21
0
10 22 36 2 34 46 8 19 25 47 33
10 41 49 31 11 39 15 38 44 18 21
10 4 12 3 32 9 7 28 43 45 1
10 41 49 31 11 39 15 38 44 18 21
10 22 36 2 34 46 8 19 25 47 33
10 13 5 30 14 26 48 24 27 42 37
10 41 49 31 11 39 15 38 44 18 21
0
0
10 13 5 30 14 26 48 24 27 42 37
10 22 36 2 34 46 8 19 25 47 33
10 22 36 2 34 46 8 19 25 47 33
10 13 5 30 14 26 48 24 27 42 37
10 4 12 3 32 9 7 28 43 45 1
10 22 36 2 34 46 8 19 25 47 33
10 13 5 30 14 26 48 24 27 42 37
10 4 12 3 32 9 7 28 43 45 1
10 22 36 2 34 46 8 19 25 47 33
0
10 4 12 3 32 9 7 28 43 45 1
0
0
10 41 49 31 11 39 15 38 44 18 21
10 22 36 2 34 46 8 19 25 47 33
0
10 13 5 30 14 26 48 24 27 42 37
10 41 49 31 11 39 15 38 44 18 21
10 4 12 3 32 9 7 28 43 45 1
10 4 12 3 32 9 7 28 43 45 1
10 22 36 2 34 46 8 19 25 47 33
10 4 12 3 32 9 7 28 43 45 1
0
10 13 5 30 14 26 48 24 27 42 37
10 13 5 30 14 26 48 24 27 42 37
10 22 36 2 34 46 8 19 25 47 33
10 13 5 30 14 26 48 24 27 42 37
0
10 41 49 31 11 39 15 38 44 18 21
10 13 5 30 14 26 48 24 27 42 37
10 41 49 31 11 39 15 38 44 18 21
10 4 12 3 32 9 7 28 43 45 1
10 4 12 3 32 9 7 28 43 45 1
0
10 13 5 30 14 26 48 24 27 42 37
10 22 36 2 34 46 8 19 25 47 33
5
1 3
0
0
2 1 2
1 3
5
2 2 3
1 3
0
0
1 2
5
0
1 5
2 5 2
1 2
0
5
0
0
1 2
2 2 3
1 4
5
0
1 1
2 2 4
0
1 3
49
0
1 28
1 22
3 36 22 12
1 19
1 12
0
1 28
1 16
0
0
0
3 21 28 26
2 19 11
4 35 7 4 32
0
1 12
1 10
0
0
0
0
2 8 26
0
1 32
0
1 28
1 24
3 27 11 10
1 32
2 33 4
0
1 19
3 16 17 30
0
0
0
2 8 45
0
1 22
1 12
0
3 29 44 47
2 17 5
1 5
4 30 32 7 41
0
0
0
46
4 17 12 23 35
0
1 23
2 38 11
0
0
0
0
0
5 12 38 45 20 40
2 32 2
1 6
1 7
0
0
2 26 45
3 28 34 16
2 34 31
1 32
2 26 23
1 22
0
0
1 29
1 13
0
1 24
0
0
1 29
0
1 39
0
1 7
0
0
1 39
1 18
0
4 15 19 46 6
0
0
1 33
2 35 36
0
4 38 28 32 30
41
1 37
0
0
2 17 18
2 39 1
3 38 32 30
0
1 18
1 12
0
2 14 1
0
2 9 14
1 17
1 25
0
0
1 10
2 17 12
1 12
2 35 2
1 10
1 2
0
0
0
0
3 10 11 13
2 39 10
1 26
1 36
1 39
0
1 19
0
1 30
0
3 22 9 39
0
4 24 20 27 2
0
44
1 5
2 42 12
3 16 44 17
1 42
0
0
0
0
2 30 17
1 39
5 18 9 23 5 40
0
2 12 25
1 19
0
0
1 15
1 15
1 29
3 5 17 25
1 5
0
3 20 33 12
0
0
1 28
0
0
0
0
0
1 12
1 16
1 39
0
2 38 15
1 12
0
1 28
1 31
2 19 35
2 5 6
1 30
2 23 22
46
0
0
0
0
1 3
4 44 3 19 34
0
2 38 7
1 29
2 22 44
0
2 46 13
2 28 32
4 4 30 20 43
0
2 37 8
0
3 8 2 25
2 32 5
0
1 10
0
0
1 20
0
1 38
1 26
0
1 18
0
0
0
1 17
3 20 7 45
0
1 22
0
0
0
0
3 30 29 43
2 4 17
2 3 4
0
1 18
3 30 9 44
48
2 9 8
3 1 24 18
0
0
2 38 37
1 39
0
0
0
1 31
0
0
1 38
2 47 3
0
0
2 22 36
2 25 44
1 9
0
1 39
1 29
4 39 7 40 17
2 38 8
0
0
1 20
2 30 31
1 31
0
0
2 45 26
1 34
1 38
0
1 35
0
0
0
2 15 31
0
3 14 3 25
0
1 38
2 13 21
1 34
1 8
4 19 41 10 14
50
2 24 25
0
1 43
2 5 16
0
0
0
1 30
0
1 39
3 25 30 4
2 36 43
0
1 43
3 17 25 30
0
0
0
1 14
4 22 46 30 19
0
0
0
1 44
1 22
1 48
2 22 13
0
3 30 7 28
0
1 18
0
1 16
1 13
1 28
1 11
4 24 25 18 17
4 26 19 16 28
0
1 35
2 27 26
2 37 32
0
0
2 18 8
0
0
0
0
1 16
46
0
0
0
0
0
0
0
3 7 34 4
1 2
0
0
0
0
2 13 21
0
0
0
3 3 22 39
0
0
1 20
1 4
0
1 25
0
2 4 3
0
2 40 36
2 24 20
1 36
1 19
1 4
1 3
0
0
0
1 32
2 27 20
0
0
0
2 25 16
0
1 40
1 11
1 6
47
0
0
0
0
1 47
2 22 16
1 4
1 1
0
0
0
1 2
2 31 32
0
0
1 47
0
0
0
0
0
1 41
0
0
0
1 22
2 47 22
1 24
0
0
0
0
0
1 15
1 33
2 43 6
1 10
1 13
2 30 35
1 32
1 31
1 22
1 5
2 41 30
3 33 5 44
0
0
40
0
2 30 18
3 15 12 20
1 29
1 13
0
0
2 12 13
0
0
0
3 1 16 17
0
0
0
1 23
1 40
2 29 34
2 7 27
0
0
1 23
1 24
0
0
0
0
1 16
1 25
0
0
0
0
0
0
2 4 27
0
1 9
0
1 19
49
2 16 29
1 9
2 41 4
1 12
1 49
0
0
0
0
0
0
1 45
0
0
0
0
1 48
0
3 27 46 9
2 36 43
0
2 7 16
0
0
1 1
1 7
0
0
0
0
1 1
1 8
0
1 33
1 32
1 11
1 41
1 28
1 7
1 28
3 29 31 11
0
0
0
1 42
0
0
0
1 29
47
0
3 11 4 26
0
0
0
0
2 12 25
0
1 27
0
0
0
1 19
0
1 19
1 1
1 10
0
0
1 14
0
1 3
2 17 1
2 25 19
0
0
0
1 37
2 40 36
1 17
1 25
0
0
0
3 36 3 34
1 32
1 14
0
2 34 24
0
0
1 18
0
0
0
0
2 41 26
49
0
1 10
0
2 7 42
0
1 42
2 42 9
0
0
0
0
2 10 22
1 44
0
1 45
0
1 23
1 6
0
0
2 24 43
1 39
0
1 28
0
3 16 42 35
0
0
2 24 41
0
0
0
1 48
2 45 8
0
0
0
0
0
2 25 46
0
0
1 41
0
2 29 25
0
2 44 46
0
1 13
46
1 7
2 4 42
0
0
1 7
1 22
2 16 37
0
0
0
2 43 34
0
0
0
0
0
1 12
0
0
0
2 37 41
0
0
1 36
1 12
3 33 41 35
0
2 37 7
1 19
0
1 16
0
0
1 41
0
0
0
1 35
0
1 16
0
1 38
0
2 30 16
2 10 38
1 16
48
1 5
1 36
1 19
1 5
0
0
0
0
0
2 15 28
1 27
2 30 34
1 4
1 6
0
1 42
1 47
0
1 47
0
0
0
0
2 36 19
0
0
0
1 25
1 30
1 4
0
1 7
1 36
1 7
2 7 18
0
0
0
1 9
4 25 46 18 39
0
0
0
1 31
1 9
1 42
0
0
49
0
1 45
0
3 25 13 34
0
1 39
2 44 17
0
0
0
1 39
0
0
1 25
3 40 3 26
0
0
1 22
0
1 19
2 47 9
1 3
0
1 6
2 19 36
0
0
0
1 48
0
0
0
0
0
1 25
0
0
0
0
1 13
3 17 20 29
1 10
2 3 37
0
0
1 45
0
0
2 33 2
43
0
0
0
0
1 8
0
0
0
3 8 31 29
1 17
1 24
1 27
0
2 23 4
0
2 26 33
1 30
1 33
0
3 4 29 6
1 31
1 37
1 39
1 39
2 39 31
0
0
1 24
0
0
0
1 14
0
0
0
2 20 35
0
0
0
0
2 38 2
0
0
40
1 17
1 24
0
0
0
0
1 27
3 10 16 32
0
1 12
1 24
0
0
0
0
0
1 30
1 9
0
0
0
0
0
0
2 39 26
0
0
3 9 25 4
0
1 26
0
0
1 25
2 39 30
3 16 32 1
0
1 24
1 24
0
2 33 32
50
1 27
0
0
1 15
0
1 44
0
2 49 16
0
0
0
0
0
0
0
0
0
0
0
1 25
1 27
1 31
0
0
1 31
0
0
0
0
0
0
1 33
1 11
0
0
1 40
0
1 36
0
0
1 36
0
0
0
0
0
1 30
1 30
0
0
50
0
0
0
1 24
1 8
0
0
1 12
0
0
0
0
1 3
1 41
0
0
0
0
0
0
1 23
0
0
0
0
0
2 43 41
1 12
0
0
0
0
0
0
0
0
0
0
0
1 37
0
0
1 29
1 24
0
2 23 49
1 11
0
0
1 5
46
0
0
1 18
0
0
0
0
0
0
0
0
0
2 45 28
0
1 18
0
1 25
0
1 22
0
0
0
0
1 25
0
0
2 26 31
0
0
1 3
1 35
0
0
0
0
0
0
1 35
0
0
0
0
0
1 8
0
2 35 4
48
1 2
0
0
0
0
1 39
0
2 11 26
0
0
0
0
0
0
0
0
2 34 38
0
0
3 22 7 11
0
0
0
0
0
0
0
0
0
0
0
0
0
0
1 40
0
1 44
0
0
0
0
0
0
1 23
2 16 32
1 45
1 28
0
48
0
0
0
1 13
0
0
0
0
0
1 5
0
0
0
1 33
0
1 8
0
0
0
0
0
0
1 33
2 45 43
0
1 5
0
0
2 33 43
2 27 31
1 43
0
0
1 31
1 39
0
0
0
0
1 7
0
0
0
0
0
0
0
0
42
0
0
1 21
0
0
0
2 4 40
0
1 21
1 7
0
1 1
0
0
0
0
0
0
1 12
0
0
1 4
0
0
1 31
0
0
0
0
0
0
1 22
0
0
0
2 17 23
1 25
0
0
1 17
0
0
50
0
0
0
1 36
0
0
0
0
0
1 44
0
0
0
0
0
0
1 5
0
0
0
0
0
0
0
0
0
0
0
0
0
0
0
0
1 20
2 19 2
0
0
1 37
0
1 29
0
1 12
3 35 27 1
1 7
0
0
0
1 40
2 5 36
0
