50
24
2 10 17
2 24 1
1 6
2 9 15
0
0
0
2 13 11
0
0
2 22 2
2 21 8
0
0
2 14 19
0
2 16 18
2 23 3
2 5 20
2 7 12
0
0
0
0
24
0
2 21 5
2 9 13
0
2 1 22
0
0
0
1 13
2 6 2
2 7 16
0
1 8
0
2 19 24
2 18 23
2 4 11
0
0
0
0
2 14 15
2 20 3
2 12 17
24
2 19 21
1 13
0
1 14
2 15 6
1 24
1 17
0
1 3
2 2 12
1 17
1 13
0
0
1 24
2 11 7
0
2 20 4
1 8
1 14
1 8
2 23 9
1 3
0
25
1 15
1 15
1 15
1 15
1 15
1 15
1 15
1 15
1 15
1 15
1 15
1 15
1 15
1 15
0
1 15
1 15
1 15
1 15
1 15
1 15
1 15
1 15
1 15
1 15
25
1 23
0
1 10
1 5
1 2
1 24
1 12
1 20
1 1
1 17
1 22
1 19
1 11
1 15
1 13
1 9
1 21
1 14
1 4
1 25
1 6
1 3
1 8
1 16
1 7
25
1 8
1 21
1 1
1 15
1 12
1 5
1 3
1 10
1 11
1 22
1 7
1 9
1 23
1 20
1 17
2 24 17
0
1 6
1 14
1 13
1 18
1 4
1 2
1 25
1 19
25
1 21
0
1 23
1 14
2 17 22
1 7
0
2 11 3
1 13
0
1 10
2 5 20
0
0
2 16 2
0
2 1 9
2 4 15
2 24 25
2 8 18
0
2 6 19
0
0
0
25
1 12
1 1
1 12
1 12
2 14 18
1 12
1 17
1 10
1 15
1 12
2 20 13
0
2 16 5
1 22
1 12
2 24 9
1 12
2 3 23
1 4
2 25 21
2 7 8
1 12
1 12
1 6
2 19 2
24
1 21
0
1 24
1 3
1 7
1 4
1 2
1 14
1 8
1 2
1 23
1 22
1 17
1 18
1 9
1 1
1 12
1 20
2 16 6
1 5
1 15
1 11
1 10
1 13
20
0
0
10 2 5 15 20 7 10 1 17 6 11
10 2 5 15 20 7 10 1 17 6 11
0
0
0
10 2 5 15 20 7 10 1 17 6 11
10 2 5 15 20 7 10 1 17 6 11
0
0
10 2 5 15 20 7 10 1 17 6 11
10 2 5 15 20 7 10 1 17 6 11
10 2 5 15 20 7 10 1 17 6 11
0
10 2 5 15 20 7 10 1 17 6 11
0
10 2 5 15 20 7 10 1 17 6 11
10 2 5 15 20 7 10 1 17 6 11
0
50
2 16 27
0
2 20 15
2 29 30
0
2 24 22
2 31 48
0
2 36 18
0
0
2 50 19
0
1 34
2 46 37
0
2 11 7
2 40 6
2 43 39
0
0
2 42 14
0
0
0
0
2 5 17
0
0
2 10 49
0
0
2 23 44
0
2 21 9
0
2 32 4
2 28 33
2 26 38
0
0
0
0
2 13 45
2 41 1
0
2 8 35
2 2 3
2 25 47
0
50
2 8 28
2 29 31
2 41 1
0
2 46 25
0
0
1 28
0
0
0
2 24 3
2 17 12
2 7 20
2 11 16
2 9 5
0
2 10 15
0
2 48 39
0
2 34 38
2 26 47
0
2 42 35
0
0
1 33
0
0
2 40 14
2 50 18
0
0
2 19 13
2 45 23
0
2 30 36
2 21 44
0
0
0
2 4 2
2 27 22
0
0
2 6 49
0
2 37 32
0
48
0
2 37 27
1 35
1 26
2 30 36
2 15 23
2 48 3
0
1 14
1 26
2 31 46
1 8
1 17
0
1 1
1 17
0
1 20
2 40 9
0
1 20
0
1 1
2 29 12
1 22
0
1 33
1 34
1 8
1 43
1 39
2 10 4
0
0
0
1 43
1 33
2 47 25
0
1 14
2 44 28
2 13 16
0
1 34
2 21 18
1 39
1 22
1 35
50
1 47
1 47
1 47
1 47
1 47
1 47
1 47
1 47
1 47
1 47
1 47
1 47
1 47
1 47
1 47
1 47
1 47
1 47
1 47
1 47
1 47
1 47
1 47
1 47
1 47
1 47
1 47
1 47
1 47
1 47
1 47
1 47
1 47
1 47
1 47
1 47
1 47
1 47
1 47
1 47
1 47
1 47
1 47
1 47
1 47
1 47
0
1 47
1 47
1 47
50
1 48
1 26
1 35
1 2
1 3
1 4
1 33
1 27
1 5
1 20
1 39
1 9
1 34
1 28
1 24
1 29
1 38
1 42
1 13
1 8
1 6
1 49
1 44
1 47
1 50
1 40
1 25
1 21
1 31
1 45
1 10
1 15
1 41
1 16
1 43
1 23
1 36
1 11
1 32
1 37
1 12
1 22
1 1
1 17
1 18
1 19
1 46
1 30
0
1 7
50
1 42
1 5
1 43
1 16
1 36
1 20
1 8
1 23
1 27
1 21
1 37
1 45
1 29
1 17
1 26
1 12
1 48
1 34
1 39
1 31
1 2
1 11
1 10
1 19
1 49
1 41
1 40
1 38
1 28
1 22
1 25
1 1
1 15
0
1 4
1 32
1 24
1 7
1 13
1 18
1 30
1 47
1 35
1 50
1 14
2 44 34
1 6
1 9
1 3
1 33
50
2 41 35
1 49
1 19
2 46 7
2 42 48
0
2 15 9
2 30 2
2 14 47
0
0
0
0
2 21 44
2 8 50
1 22
2 1 39
0
0
0
1 12
0
1 24
0
1 36
1 11
2 28 45
0
0
1 10
0
0
0
2 32 38
1 13
0
1 31
0
2 25 43
1 18
1 29
2 16 37
2 20 33
1 6
0
2 5 17
2 26 27
2 23 40
0
2 3 34
50
1 19
2 44 14
1 9
1 25
1 25
1 42
1 25
2 12 46
1 25
2 50 6
2 28 43
2 30 48
1 5
1 39
1 25
1 25
2 1 31
2 45 15
1 25
1 25
1 25
2 33 35
1 25
2 13 47
0
1 25
1 25
1 34
2 3 18
2 22 2
1 16
2 37 26
1 20
1 25
1 21
2 10 40
1 25
2 11 24
1 25
2 49 32
1 25
1 25
1 7
1 23
1 25
2 38 36
1 41
2 17 29
1 27
1 4
50
1 27
1 9
1 37
1 46
1 49
1 14
1 39
1 38
1 45
1 11
1 50
1 26
1 36
1 7
1 19
1 31
1 29
2 3 43
1 17
1 28
1 35
1 20
1 41
1 42
1 12
1 48
1 44
1 2
1 5
1 21
1 40
1 10
1 16
0
1 24
1 1
1 13
1 6
1 32
1 25
1 34
1 15
1 4
1 22
1 47
1 30
1 8
1 23
1 33
1 34
50
10 18 33 2 35 6 4 11 25 7 49
10 37 23 13 42 17 22 50 39 14 29
10 9 48 21 31 24 38 1 47 36 8
10 37 23 13 42 17 22 50 39 14 29
10 28 34 40 20 19 41 3 26 43 12
10 37 23 13 42 17 22 50 39 14 29
10 37 23 13 42 17 22 50 39 14 29
10 18 33 2 35 6 4 11 25 7 49
10 18 33 2 35 6 4 11 25 7 49
10 28 34 40 20 19 41 3 26 43 12
10 37 23 13 42 17 22 50 39 14 29
10 9 48 21 31 24 38 1 47 36 8
0
0
10 28 34 40 20 19 41 3 26 43 12
10 28 34 40 20 19 41 3 26 43 12
0
10 37 23 13 42 17 22 50 39 14 29
10 9 48 21 31 24 38 1 47 36 8
10 9 48 21 31 24 38 1 47 36 8
10 18 33 2 35 6 4 11 25 7 49
0
0
10 18 33 2 35 6 4 11 25 7 49
10 37 23 13 42 17 22 50 39 14 29
10 9 48 21 31 24 38 1 47 36 8
10 28 34 40 20 19 41 3 26 43 12
10 9 48 21 31 24 38 1 47 36 8
0
10 28 34 40 20 19 41 3 26 43 12
10 18 33 2 35 6 4 11 25 7 49
10 28 34 40 20 19 41 3 26 43 12
10 37 23 13 42 17 22 50 39 14 29
10 9 48 21 31 24 38 1 47 36 8
10 37 23 13 42 17 22 50 39 14 29
10 18 33 2 35 6 4 11 25 7 49
0
10 18 33 2 35 6 4 11 25 7 49
0
10 9 48 21 31 24 38 1 47 36 8
10 9 48 21 31 24 38 1 47 36 8
0
10 9 48 21 31 24 38 1 47 36 8
10 28 34 40 20 19 41 3 26 43 12
10 28 34 40 20 19 41 3 26 43 12
10 28 34 40 20 19 41 3 26 43 12
10 18 33 2 35 6 4 11 25 7 49
10 18 33 2 35 6 4 11 25 7 49
10 37 23 13 42 17 22 50 39 14 29
0
5
2 4 5
0
1 4
0
1 3
5
0
1 1
0
3 3 1 5
0
5
0
2 4 3
0
1 3
1 4
5
1 3
1 3
0
1 3
1 4
5
1 4
1 4
2 4 2
0
0
49
0
0
0
2 47 10
1 41
4 1 16 46 11
0
2 24 40
2 28 48
2 7 22
0
0
1 46
0
1 19
0
0
0
0
0
0
0
2 16 39
2 26 5
1 3
2 45 3
3 12 7 6
1 47
1 1
0
4 39 32 26 49
3 46 4 23
4 18 28 29 1
0
0
0
3 5 12 23
0
1 15
1 41
0
1 43
2 1 35
0
0
2 35 38
0
1 30
0
49
2 40 2
0
0
1 11
0
0
3 44 42 47
0
0
0
0
0
1 32
2 48 19
0
0
2 29 23
1 37
1 15
2 36 44
0
2 4 48
4 16 41 44 21
1 37
0
0
5 46 5 31 10 9
1 13
2 10 12
2 3 2
1 49
1 12
1 41
0
4 2 37 11 9
2 3 37
0
2 37 33
1 36
0
0
0
2 33 18
0
0
0
0
1 24
2 15 28
46
0
0
2 13 46
3 36 45 41
0
0
0
4 6 39 20 1
1 30
5 21 43 14 8 18
0
1 17
2 1 39
1 46
0
3 6 35 44
1 7
3 36 28 26
0
1 30
0
1 39
0
1 19
1 13
1 46
1 31
1 43
0
0
2 32 9
0
1 43
3 26 6 42
0
0
3 43 30 40
1 43
0
1 17
0
1 7
0
1 46
0
0
47
0
0
2 36 2
0
1 24
2 25 47
0
2 43 5
0
2 44 2
0
1 24
2 47 2
1 34
2 34 25
2 45 36
1 27
0
2 24 13
3 34 24 28
2 29 12
0
0
0
1 37
1 46
1 22
0
0
1 24
0
4 25 6 23 33
0
0
3 15 38 47
2 14 1
0
2 46 12
1 6
0
0
1 23
0
1 33
3 36 33 43
0
1 5
46
0
3 3 46 40
2 38 25
0
2 44 39
2 18 34
2 39 33
3 45 7 13
3 16 24 44
1 25
2 33 16
0
2 3 16
3 45 46 11
0
1 34
1 36
0
2 40 11
1 25
2 31 2
2 38 19
0
0
0
0
2 19 26
1 3
1 38
0
0
0
1 26
0
2 15 45
1 4
2 12 40
0
0
1 15
1 38
0
0
0
0
0
42
0
3 11 26 28
0
0
0
0
2 39 32
2 38 14
1 6
3 36 23 39
1 28
0
3 21 20 25
0
1 1
1 4
1 1
0
2 16 7
0
1 35
1 1
1 14
1 33
2 21 6
2 32 16
0
0
2 20 30
1 21
4 4 2 1 5
0
1 28
0
0
0
1 13
1 21
3 9 21 16
1 32
0
0
40
1 38
0
2 40 2
2 29 20
1 38
2 1 34
1 14
3 4 20 9
0
1 13
0
0
2 28 9
0
3 38 36 20
1 34
2 9 3
0
1 24
2 21 2
0
1 12
0
3 12 29 33
1 27
2 36 32
1 38
1 22
0
0
1 21
0
0
0
3 22 21 2
0
0
1 40
2 22 29
0
41
1 24
0
0
0
0
0
0
0
2 14 4
1 28
1 12
0
1 27
1 3
0
0
1 27
0
0
1 14
2 26 12
0
0
3 14 36 29
0
0
0
2 19 6
1 8
0
3 37 19 20
4 23 24 28 33
0
0
0
0
0
1 19
2 3 40
0
0
49
0
0
0
0
0
1 36
0
1 20
1 22
0
1 39
1 29
0
0
1 18
0
0
0
1 17
0
0
0
0
0
1 2
0
0
3 17 8 43
0
2 27 19
0
3 26 13 46
2 2 36
0
1 31
1 24
0
0
1 31
0
3 20 5 6
2 31 13
0
1 21
3 38 29 33
0
0
0
2 46 20
49
0
0
1 28
1 27
0
1 37
0
1 20
0
0
1 13
2 30 14
0
1 42
0
3 15 37 28
0
0
1 5
0
1 16
3 27 2 35
1 43
0
0
1 42
0
0
0
1 5
3 27 21 2
1 22
0
0
0
1 24
0
0
2 4 25
0
0
0
0
3 32 24 34
0
1 4
0
2 12 17
0
44
2 17 26
0
0
0
0
2 40 9
0
0
1 38
0
0
0
0
2 41 35
0
1 12
1 13
2 25 33
1 25
1 9
0
0
0
1 28
0
0
0
0
0
1 7
1 22
0
0
0
1 28
1 18
1 26
0
2 22 9
2 27 25
1 27
2 21 12
3 38 2 41
0
47
1 39
0
0
2 35 39
0
0
0
1 9
0
1 42
2 40 39
0
2 11 38
1 37
2 40 33
1 30
0
0
0
0
2 8 3
0
0
1 16
1 3
2 13 16
2 33 9
0
0
0
0
0
0
0
2 23 6
0
0
0
0
0
1 40
2 39 40
0
2 10 9
1 16
1 33
1 2
48
1 33
2 36 29
0
0
0
0
0
1 31
1 38
0
2 14 45
0
1 24
0
0
1 47
0
1 42
1 7
0
0
1 29
2 40 6
0
1 24
2 4 40
0
0
0
1 21
1 4
0
0
1 21
0
1 17
1 15
0
1 34
1 14
1 27
0
0
1 47
1 24
3 14 23 6
0
2 27 13
48
2 39 16
1 30
1 11
0
0
1 36
0
0
2 41 30
0
0
0
0
0
0
1 43
1 28
1 39
0
0
1 19
0
0
1 45
0
3 12 44 6
5 17 40 22 38 8
1 22
0
0
1 36
1 23
0
1 33
0
0
2 12 47
0
0
0
0
1 37
0
2 47 30
0
2 39 6
1 30
0
46
1 8
0
0
1 37
1 11
0
1 19
1 3
1 45
0
1 21
0
0
0
0
0
3 33 26 31
0
0
0
0
0
1 4
1 11
1 27
3 19 13 22
0
1 31
2 8 37
2 4 3
0
1 11
0
1 33
0
0
1 12
1 21
0
1 44
1 10
1 13
0
1 38
1 7
0
44
0
0
0
0
0
1 4
0
0
0
0
1 15
2 43 25
2 6 26
3 25 5 39
0
0
0
1 1
0
1 1
2 11 9
1 25
0
2 22 10
0
0
1 41
1 17
0
0
0
1 7
0
1 24
2 16 11
2 32 10
1 30
0
2 22 25
1 3
0
0
0
1 26
45
0
1 4
2 29 4
0
1 45
1 2
0
0
1 12
0
0
0
0
1 32
3 14 36 2
1 4
0
1 32
2 29 18
0
2 11 7
1 18
0
0
0
1 21
0
1 10
0
0
0
0
1 4
1 20
1 36
0
0
1 24
1 10
2 34 18
0
1 41
1 30
2 29 5
0
50
0
1 1
1 43
0
1 1
1 11
1 40
0
0
1 25
0
2 23 13
0
0
0
0
0
1 35
0
1 45
1 29
0
0
1 7
1 37
0
0
1 34
0
1 29
0
1 45
0
2 40 30
0
0
0
2 16 46
0
0
0
2 33 17
1 19
2 5 11
2 17 40
3 14 7 8
0
1 30
2 26 45
0
42
0
0
1 32
0
1 29
0
0
2 19 34
0
1 5
0
1 19
1 5
1 5
0
1 35
0
0
0
0
1 10
0
0
0
0
1 32
0
0
0
0
1 40
0
0
0
1 25
0
0
0
1 42
0
0
0
44
0
0
0
0
0
0
0
0
1 42
0
0
1 1
0
1 6
1 24
0
0
0
1 25
2 9 1
0
0
1 42
0
1 22
0
0
0
0
0
0
1 33
0
0
0
0
2 35 18
1 23
1 23
0
0
0
0
0
41
0
0
2 30 21
0
0
0
0
0
0
0
0
0
0
0
0
0
0
1 2
0
1 16
0
0
0
0
0
0
2 41 14
2 36 9
0
0
1 7
0
0
0
1 13
1 10
0
1 9
0
1 1
0
48
1 32
0
0
0
0
1 22
0
0
0
0
0
1 15
1 48
2 42 47
0
0
0
0
1 28
0
0
0
1 38
1 41
1 24
2 22 47
0
0
0
0
1 47
0
0
0
0
0
0
0
2 6 26
0
0
0
1 4
0
0
0
0
0
46
1 45
1 30
0
1 41
0
0
0
1 25
0
0
0
0
0
1 21
2 29 32
0
0
0
0
0
0
0
0
0
0
1 25
0
1 40
0
2 40 5
0
0
0
0
1 17
0
0
1 26
0
0
0
0
0
0
0
2 44 27
42
0
0
0
0
0
0
0
0
2 11 17
0
0
0
0
0
0
0
0
0
2 1 11
0
1 1
4 18 42 11 15
0
0
0
0
0
0
0
0
2 9 33
0
0
0
0
0
0
2 4 16
1 1
0
0
0
47
0
0
0
2 45 5
0
0
1 22
3 17 38 33
0
1 41
1 20
0
0
0
0
0
1 39
0
0
0
0
0
0
0
0
0
0
0
0
1 38
1 26
2 36 16
0
1 1
0
0
0
0
0
0
0
0
0
0
1 21
0
0
