50
24
0
0
2 1 11
0
0
2 24 18
0
1 10
0
0
2 20 6
2 7 22
0
0
2 14 3
0
2 9 12
2 2 17
2 4 21
0
2 16 8
2 5 23
2 13 19
0
24
2 24 5
2 17 8
2 18 23
0
1 13
2 21 11
2 4 1
2 22 10
0
2 9 3
2 16 15
0
0
0
2 12 7
0
0
0
0
2 19 2
0
0
2 14 6
1 5
24
0
2 22 18
0
1 3
2 8 14
0
0
1 16
1 17
2 24 19
2 4 23
2 15 13
1 7
1 16
1 7
0
0
1 1
1 6
2 21 9
1 17
1 1
1 3
1 6
25
1 13
1 13
1 13
1 13
1 13
1 13
1 13
1 13
1 13
1 13
1 13
1 13
0
1 13
1 13
1 13
1 13
1 13
1 13
1 13
1 13
1 13
1 13
1 13
1 13
25
1 5
1 12
1 16
1 7
1 17
1 4
1 22
1 15
1 19
1 18
1 9
1 21
1 24
1 10
1 14
1 2
1 11
1 13
1 6
1 1
1 8
1 25
1 20
0
1 3
25
1 19
1 18
0
1 23
1 11
1 17
1 6
1 14
1 10
1 16
1 24
1 9
1 20
1 3
1 2
1 4
1 22
1 13
1 8
1 1
1 7
1 12
1 5
1 15
2 21 3
25
1 3
0
0
0
2 24 19
0
0
2 2 25
0
2 14 8
2 5 10
2 17 23
2 18 1
1 7
0
2 13 12
1 9
1 4
1 20
0
2 16 11
0
2 6 22
1 15
0
25
2 23 22
1 9
2 10 11
2 17 5
1 18
1 9
2 14 19
1 15
0
2 7 25
2 4 21
1 9
1 6
1 20
1 9
1 2
1 12
1 9
1 24
1 9
2 8 1
1 9
1 9
1 9
2 13 16
24
1 13
1 23
2 21 24
1 7
1 1
1 14
0
1 7
1 8
1 19
1 16
1 20
1 17
1 10
1 9
1 12
1 4
1 5
1 18
1 22
1 6
1 15
1 11
1 2
20
0
10 1 8 7 19 10 4 9 12 20 16
10 1 8 7 19 10 4 9 12 20 16
0
10 1 8 7 19 10 4 9 12 20 16
10 1 8 7 19 10 4 9 12 20 16
0
0
0
0
10 1 8 7 19 10 4 9 12 20 16
0
10 1 8 7 19 10 4 9 12 20 16
10 1 8 7 19 10 4 9 12 20 16
10 1 8 7 19 10 4 9 12 20 16
0
10 1 8 7 19 10 4 9 12 20 16
10 1 8 7 19 10 4 9 12 20 16
0
0
50
2 31 18
0
2 49 30
2 7 42
2 9 4
2 20 15
0
2 21 28
0
2 34 11
2 46 26
0
0
0
1 13
0
0
2 16 37
2 40 24
0
0
2 39 43
0
2 29 47
0
2 23 3
2 14 19
2 35 1
0
2 45 6
0
2 41 5
0
0
0
0
2 17 27
0
0
0
0
2 2 10
2 12 32
2 38 8
0
0
2 25 50
2 33 44
0
2 36 22
50
0
1 1
0
0
0
2 34 2
2 33 26
0
2 50 43
0
2 42 47
0
0
2 48 22
2 12 49
2 45 7
2 20 36
0
2 41 40
0
0
2 21 29
0
0
2 37 27
2 35 31
2 3 46
2 24 11
2 44 28
2 38 6
2 18 25
0
0
1 2
0
2 13 16
0
0
2 32 9
2 5 39
0
0
2 10 15
0
0
2 8 19
2 23 17
0
2 4 30
0
48
1 18
2 17 28
1 48
1 22
1 27
2 37 8
1 20
1 35
1 31
0
2 19 1
2 14 9
1 29
1 31
2 13 43
1 10
1 25
0
1 18
0
1 27
0
2 7 32
0
0
2 47 4
0
1 25
0
2 38 46
0
1 20
2 40 36
2 3 45
0
1 42
1 35
1 24
1 10
1 42
2 39 16
0
1 29
2 21 5
1 48
1 24
1 22
0
50
1 42
1 42
1 42
1 42
1 42
1 42
1 42
1 42
1 42
1 42
1 42
1 42
1 42
1 42
1 42
1 42
1 42
1 42
1 42
1 42
1 42
1 42
1 42
1 42
1 42
1 42
1 42
1 42
1 42
1 42
1 42
1 42
1 42
1 42
1 42
1 42
1 42
1 42
1 42
1 42
1 42
0
1 42
1 42
1 42
1 42
1 42
1 42
1 42
1 42
50
1 46
1 3
1 33
1 22
1 12
1 1
1 45
1 28
1 48
1 39
1 4
1 35
1 40
1 17
1 38
1 9
1 32
1 11
1 2
1 42
1 18
1 37
1 44
1 49
1 13
1 41
1 8
1 21
1 27
1 5
1 34
1 31
1 15
1 26
1 19
1 30
1 50
1 43
1 47
1 16
1 23
1 10
1 20
1 36
1 6
1 25
1 29
1 14
1 7
0
50
1 42
1 20
1 32
1 45
1 28
1 34
1 23
1 9
1 37
1 3
1 18
1 40
1 24
1 31
1 13
1 2
1 46
1 17
1 12
1 26
1 10
1 41
1 50
1 27
2 33 31
1 14
1 36
1 8
1 19
1 47
0
1 38
1 15
1 43
1 16
1 11
1 7
1 29
1 49
1 6
1 21
1 44
1 5
1 4
1 22
1 48
1 35
1 39
1 1
1 30
50
2 27 18
0
2 6 46
2 29 45
2 10 42
2 13 48
0
0
0
1 37
2 39 31
0
1 38
1 9
1 50
1 26
2 40 14
2 35 32
1 7
0
0
1 8
1 36
2 41 4
2 15 47
0
2 24 3
0
1 20
2 28 49
0
2 5 25
0
0
2 17 44
0
0
0
0
1 2
2 22 16
1 43
0
2 23 30
1 12
2 19 11
2 33 34
1 21
0
0
50
1 21
2 14 37
1 21
1 31
1 15
1 21
2 30 26
2 38 44
2 12 19
1 21
1 40
1 39
2 22 33
1 21
1 21
1 24
2 11 32
1 28
1 42
1 21
0
1 47
1 21
1 21
2 18 46
2 6 45
2 16 5
1 21
2 4 2
1 1
1 21
1 23
1 34
1 21
2 50 36
1 10
1 21
2 41 48
1 21
1 21
2 9 25
1 21
2 27 7
2 49 43
1 21
1 3
1 21
2 35 29
2 13 17
1 20
50
1 37
1 27
1 11
1 8
1 47
1 22
1 2
1 9
1 34
1 5
1 6
1 20
1 36
1 32
1 12
1 44
1 1
1 48
1 24
1 26
1 23
1 7
1 40
1 46
1 28
0
1 42
1 3
2 13 16
1 38
1 15
1 41
1 18
1 26
1 10
1 35
1 30
1 39
1 31
1 19
1 4
1 50
1 25
1 33
1 17
1 45
1 49
1 43
1 21
1 14
50
0
0
10 31 4 6 41 37 5 48 32 20 36
10 34 38 45 26 8 14 43 27 35 12
10 34 38 45 26 8 14 43 27 35 12
10 34 38 45 26 8 14 43 27 35 12
10 24 1 28 10 16 46 17 22 2 9
10 23 29 50 15 30 44 18 21 7 33
0
0
10 31 4 6 41 37 5 48 32 20 36
10 23 29 50 15 30 44 18 21 7 33
10 31 4 6 41 37 5 48 32 20 36
10 23 29 50 15 30 44 18 21 7 33
10 24 1 28 10 16 46 17 22 2 9
0
0
10 24 1 28 10 16 46 17 22 2 9
10 31 4 6 41 37 5 48 32 20 36
10 34 38 45 26 8 14 43 27 35 12
10 24 1 28 10 16 46 17 22 2 9
0
10 24 1 28 10 16 46 17 22 2 9
0
10 31 4 6 41 37 5 48 32 20 36
10 23 29 50 15 30 44 18 21 7 33
10 23 29 50 15 30 44 18 21 7 33
0
10 24 1 28 10 16 46 17 22 2 9
10 24 1 28 10 16 46 17 22 2 9
10 34 38 45 26 8 14 43 27 35 12
10 34 38 45 26 8 14 43 27 35 12
10 24 1 28 10 16 46 17 22 2 9
10 23 29 50 15 30 44 18 21 7 33
10 23 29 50 15 30 44 18 21 7 33
10 34 38 45 26 8 14 43 27 35 12
10 34 38 45 26 8 14 43 27 35 12
10 23 29 50 15 30 44 18 21 7 33
10 31 4 6 41 37 5 48 32 20 36
10 31 4 6 41 37 5 48 32 20 36
10 34 38 45 26 8 14 43 27 35 12
10 31 4 6 41 37 5 48 32 20 36
10 23 29 50 15 30 44 18 21 7 33
10 24 1 28 10 16 46 17 22 2 9
10 23 29 50 15 30 44 18 21 7 33
0
10 31 4 6 41 37 5 48 32 20 36
10 34 38 45 26 8 14 43 27 35 12
10 31 4 6 41 37 5 48 32 20 36
10 24 1 28 10 16 46 17 22 2 9
5
1 5
1 5
1 5
1 3
0
5
1 3
1 5
0
2 3 5
0
5
1 3
1 1
1 5
1 1
0
5
2 3 2
1 3
0
0
1 4
5
0
0
0
4 3 5 2 1
0
41
1 34
0
1 41
0
1 11
1 11
5 32 9 12 33 11
1 26
2 30 26
0
0
1 35
3 1 14 3
0
3 11 6 28
1 30
3 38 35 30
0
0
2 3 28
0
2 8 26
0
0
0
0
0
0
2 26 41
0
0
3 19 37 30
4 8 24 11 34
0
1 28
0
0
2 21 27
1 27
1 9
0
42
0
2 27 21
3 15 27 32
2 2 33
1 16
1 40
1 19
1 21
0
2 22 27
0
0
1 28
1 23
0
0
1 36
1 8
0
2 22 3
0
2 28 29
0
0
3 19 10 2
1 24
1 29
1 6
1 21
0
0
1 6
2 23 31
1 31
6 31 16 9 7 12 5
0
0
0
2 12 1
0
0
2 16 38
49
0
2 26 22
0
0
0
5 19 8 37 5 48
2 12 13
1 43
5 22 35 19 18 48
0
2 46 3
0
1 22
1 3
2 43 33
1 30
0
2 22 43
0
4 33 14 41 25
2 41 2
0
0
1 42
1 12
1 10
2 33 37
0
0
0
0
0
2 41 45
0
2 7 42
1 46
1 43
2 32 7
0
0
0
1 22
0
2 38 43
0
1 48
0
0
2 8 48
42
1 19
0
1 17
2 17 42
1 12
3 19 4 17
1 38
0
1 8
2 27 42
1 28
1 15
0
0
1 22
2 34 25
0
1 42
0
0
1 27
0
3 27 6 1
0
2 29 18
1 42
1 22
1 42
0
1 8
0
4 24 8 1 31
1 41
0
3 15 14 31
2 41 8
1 29
1 15
2 29 8
0
0
0
47
0
0
0
3 16 46 37
3 39 28 29
2 39 3
1 20
4 29 13 37 7
0
2 19 36
0
1 1
0
1 24
0
1 21
2 1 39
1 32
0
0
1 40
5 16 42 17 32 21
0
0
2 20 46
3 19 17 37
1 42
0
0
0
1 43
4 40 6 46 43
1 3
2 2 40
0
0
1 15
0
0
0
2 7 47
2 19 15
1 7
0
0
0
0
45
0
0
1 9
0
0
3 1 8 28
2 4 9
0
1 35
0
2 8 36
0
0
0
0
4 44 11 8 5
0
3 7 22 2
1 26
2 8 23
0
2 36 32
0
2 32 8
1 32
0
1 5
1 21
4 41 26 43 13
1 2
1 28
0
4 28 4 15 23
0
0
3 10 5 32
1 2
1 5
2 26 38
0
0
1 3
1 21
0
0
41
0
0
1 9
1 22
0
1 29
1 10
0
1 34
1 20
2 3 26
2 20 8
2 39 1
1 12
1 41
0
2 27 1
0
2 6 41
0
0
1 20
0
2 39 20
2 1 13
1 22
0
4 39 41 26 35
1 10
0
0
1 10
1 4
1 41
1 10
1 20
0
2 10 21
1 41
4 35 16 23 27
0
47
0
0
1 43
0
4 6 17 12 37
1 1
1 2
1 7
2 33 2
0
0
0
0
3 29 13 45
0
1 29
0
0
2 12 18
0
1 47
0
1 37
1 10
0
0
1 13
3 13 39 40
0
1 35
0
0
0
1 20
0
2 20 7
1 34
0
0
0
0
0
0
2 1 38
0
1 37
0
50
1 31
3 13 5 19
1 1
0
1 21
2 41 42
1 50
0
0
0
2 8 9
0
0
0
1 43
0
2 13 26
1 19
0
0
0
1 3
0
1 18
0
0
1 5
0
2 26 40
0
0
3 29 25 41
1 50
2 24 37
0
0
2 21 14
0
0
2 50 46
0
1 28
0
1 19
1 44
0
0
0
0
0
48
0
0
0
0
2 16 9
0
2 48 12
3 26 7 19
0
2 16 18
0
1 40
0
0
1 31
0
1 22
0
2 27 48
0
0
0
0
1 31
0
2 25 12
0
1 10
0
0
2 14 36
3 5 35 13
0
1 25
0
1 9
1 34
1 41
1 40
0
1 20
2 9 14
0
0
0
1 18
0
0
40
0
0
0
0
0
0
1 20
0
0
1 28
2 40 30
2 26 28
1 7
0
0
0
0
0
1 28
1 27
3 9 14 20
1 2
1 27
2 27 37
0
0
0
1 38
0
0
0
1 6
2 28 31
1 6
2 9 26
1 1
0
0
2 31 18
0
41
0
0
1 36
0
2 25 39
0
0
0
1 29
1 34
0
1 2
1 2
0
0
1 34
2 13 28
0
1 3
2 16 34
0
1 29
0
0
0
0
0
0
0
3 22 31 41
2 37 2
0
3 4 7 20
0
1 23
1 23
3 41 7 13
0
0
0
0
41
1 12
0
0
2 16 1
0
0
0
1 14
0
0
1 41
0
1 14
0
0
0
1 37
0
0
1 23
0
0
0
0
0
2 2 16
2 16 8
1 10
3 40 41 31
3 39 15 34
0
0
2 25 39
0
0
2 16 7
0
1 16
0
0
3 28 16 40
41
2 37 9
0
1 6
1 19
2 19 2
1 2
0
0
0
2 24 22
1 31
0
0
0
0
0
0
0
0
4 19 2 16 4
0
0
0
1 31
1 13
0
0
0
0
2 17 39
0
1 29
0
0
2 19 22
1 20
0
1 26
2 4 31
2 20 7
0
40
2 30 24
0
0
1 39
1 16
0
0
0
0
2 21 22
0
0
1 28
0
0
1 30
0
1 14
0
0
4 9 23 14 33
1 28
3 28 35 7
0
1 14
0
2 35 24
0
0
0
1 6
0
0
0
0
0
3 39 38 7
1 40
0
1 24
48
1 20
1 4
3 14 21 33
2 43 27
1 18
0
0
1 15
0
0
0
1 38
0
0
0
2 21 42
1 14
0
1 9
0
0
0
2 42 35
1 13
0
2 22 42
1 14
0
1 43
0
0
0
0
1 44
0
1 32
1 12
0
0
1 47
0
0
0
0
4 47 32 1 38
1 13
2 48 35
0
41
0
1 28
0
1 28
1 15
1 34
1 22
0
1 22
0
1 22
0
0
0
0
1 15
1 25
0
0
2 26 16
0
0
2 38 13
0
0
3 40 13 19
2 41 30
0
1 1
0
0
1 34
1 19
0
2 6 15
0
1 36
0
2 15 40
1 15
0
47
0
0
0
1 20
1 38
1 31
0
3 15 42 23
1 7
0
0
1 27
2 16 6
1 4
0
0
3 8 4 46
0
0
0
0
1 14
2 32 6
0
1 32
1 15
0
0
0
1 7
0
0
0
0
3 33 18 42
0
1 1
0
2 21 40
0
2 29 26
0
1 5
0
2 9 4
0
0
50
0
0
0
1 15
0
0
0
0
2 29 31
0
1 20
0
0
0
0
0
0
0
0
0
0
0
1 41
0
0
1 29
1 17
0
0
0
0
0
1 31
0
0
1 6
0
0
0
2 18 1
1 5
0
0
1 47
0
2 23 33
0
0
0
1 45
49
0
0
0
2 7 17
0
0
1 42
0
0
0
0
1 10
1 7
0
0
1 42
1 40
0
0
0
1 45
0
0
0
0
0
0
0
1 21
2 8 21
0
1 12
0
0
0
0
1 36
0
1 45
0
1 48
0
1 34
0
0
0
0
0
0
47
0
0
0
0
0
1 1
0
0
0
0
0
0
1 10
0
0
0
0
0
0
0
2 32 11
0
2 47 3
2 11 37
1 27
1 27
0
0
0
0
1 42
0
2 23 46
0
1 42
0
0
0
0
0
0
0
0
0
0
0
1 41
44
0
0
0
0
0
0
0
0
1 6
1 25
0
0
0
0
0
0
2 44 29
0
1 8
0
2 8 3
0
0
0
0
1 18
0
0
1 16
0
0
0
1 36
0
0
0
0
1 35
2 25 14
0
0
1 41
0
0
45
0
2 11 40
0
2 22 40
2 25 27
0
1 24
1 22
0
0
1 36
0
0
0
0
0
0
0
1 11
0
0
0
1 31
0
0
0
0
0
0
0
0
0
0
0
0
0
1 13
0
2 3 29
0
0
0
0
0
1 17
42
0
0
0
0
0
1 3
1 16
0
1 38
0
0
0
0
1 4
0
0
0
1 19
0
0
1 39
1 23
0
0
0
0
1 16
0
2 39 30
0
1 30
0
0
0
0
0
1 4
0
0
2 4 13
0
0
48
0
1 12
0
1 41
1 29
1 13
3 44 22 11
0
1 27
0
0
1 31
0
1 3
0
1 12
0
0
0
0
0
0
0
0
0
0
1 36
0
0
0
0
0
0
1 3
0
0
0
1 19
0
0
0
1 29
0
0
1 19
0
0
0
