1
50
10 18 32 49 24 4 45 34 43 26 37
10 46 11 30 48 36 14 16 19 13 50
10 46 11 30 48 36 14 16 19 13 50
0
10 18 32 49 24 4 45 34 43 26 37
10 1 21 17 42 5 25 7 47 10 23
10 18 32 49 24 4 45 34 43 26 37
10 1 21 17 42 5 25 7 47 10 23
10 1 21 17 42 5 25 7 47 10 23
10 18 32 49 24 4 45 34 43 26 37
10 40 39 28 33 9 6 44 12 38 8
10 1 21 17 42 5 25 7 47 10 23
10 40 39 28 33 9 6 44 12 38 8
10 40 39 28 33 9 6 44 12 38 8
10 46 11 30 48 36 14 16 19 13 50
10 40 39 28 33 9 6 44 12 38 8
10 18 32 49 24 4 45 34 43 26 37
0
10 40 39 28 33 9 6 44 12 38 8
10 46 11 30 48 36 14 16 19 13 50
10 18 32 49 24 4 45 34 43 26 37
10 46 11 30 48 36 14 16 19 13 50
10 18 32 49 24 4 45 34 43 26 37
0
10 18 32 49 24 4 45 34 43 26 37
0
10 46 11 30 48 36 14 16 19 13 50
10 1 21 17 42 5 25 7 47 10 23
10 46 11 30 48 36 14 16 19 13 50
10 40 39 28 33 9 6 44 12 38 8
10 46 11 30 48 36 14 16 19 13 50
0
10 1 21 17 42 5 25 7 47 10 23
0
10 46 11 30 48 36 14 16 19 13 50
10 40 39 28 33 9 6 44 12 38 8
0
10 1 21 17 42 5 25 7 47 10 23
10 1 21 17 42 5 25 7 47 10 23
10 1 21 17 42 5 25 7 47 10 23
10 46 11 30 48 36 14 16 19 13 50
10 18 32 49 24 4 45 34 43 26 37
0
10 1 21 17 42 5 25 7 47 10 23
0
10 40 39 28 33 9 6 44 12 38 8
10 18 32 49 24 4 45 34 43 26 37
10 40 39 28 33 9 6 44 12 38 8
0
10 40 39 28 33 9 6 44 12 38 8